19 20 5 5 11 20 15 4 8 1 9 17 7 16 16
19 20 5 5 7 20 6 15 8 20 4 17 20 16 16
19 5 3 3 6 3 15 17 4 4 18 4 7 1 16
19 20 2 5 3 20 15 11 5 15 18 17 7 1 16
19 20 5 5 10 17 3 15 6 4 18 4 7 1 16
19 20 2 5 3 11 15 5 15 20 9 3 11 4 16
19 5 13 2 20 5 15 11 5 5 1 17 7 1 16
19 20 5 5 5 8 18 13 11 9 4 17 20 16 16
19 20 2 5 6 13 6 20 8 6 4 17 20 16 16
19 20 5 5 13 18 8 17 1 4 18 4 7 1 16
19 20 2 4 15 4 11 18 6 4 1 15 1 4 16
19 20 2 6 8 2 4 5 15 6 15 17 7 1 16
19 20 2 5 4 6 7 9 5 9 7 8 7 14 16
19 20 2 5 3 8 15 7 7 9 4 17 20 16 16
19 20 2 5 11 17 15 5 15 9 7 8 7 14 16
19 20 2 5 3 13 20 20 9 4 15 17 11 16 16
19 20 2 5 3 8 15 8 16 5 1 17 7 1 3
19 20 2 5 3 7 10 15 3 6 7 8 7 14 16
19 5 3 17 5 18 16 4 8 9 1 15 1 4 16
19 20 2 5 12 5 2 11 7 15 4 17 20 16 16
19 5 3 15 16 15 5 18 15 9 7 8 7 14 16
19 5 20 12 6 15 15 8 9 4 15 17 11 16 16
19 20 2 5 3 6 15 7 15 2 7 8 7 14 16
19 20 5 5 2 4 20 15 4 5 1 17 7 1 16
19 20 4 5 20 11 20 15 15 8 14 17 7 1 3
19 20 5 5 5 11 15 4 5 20 1 17 7 1 16
19 20 2 5 17 11 20 15 17 2 4 17 20 16 16
19 20 2 5 3 6 3 9 5 9 7 8 7 14 16
19 5 3 17 18 7 15 18 15 14 1 17 7 1 16
19 20 5 5 7 18 6 20 5 9 15 15 1 4 16
19 20 2 5 3 2 15 20 3 4 1 17 7 16 16
19 20 2 5 4 15 12 3 11 9 7 8 7 14 16
19 20 5 5 11 15 10 15 8 5 9 17 7 1 16
19 20 2 15 11 5 15 6 9 4 15 17 11 16 16
19 20 5 5 5 14 6 20 20 9 4 17 20 16 16
19 20 2 5 6 3 20 15 15 7 5 17 7 1 3
19 5 13 6 18 3 6 12 15 15 4 17 20 16 16
19 20 2 5 4 15 16 5 5 15 9 4 13 1 16
19 20 2 6 15 11 2 14 14 1 9 17 7 16 16
19 5 3 17 18 8 6 15 20 4 1 17 7 1 16
19 20 2 5 3 15 15 20 5 5 1 17 7 1 3
19 5 3 15 20 4 15 3 4 9 17 12 11 16 16
19 20 19 3 8 4 4 15 15 1 9 17 7 16 16
19 5 3 17 9 15 15 5 15 17 15 4 7 1 16
19 20 5 5 1 8 18 6 3 4 1 17 7 1 3
19 20 2 5 2 15 7 15 6 18 7 8 7 14 16
19 20 5 5 5 20 4 15 8 1 1 15 1 4 16
19 20 5 5 18 4 6 5 11 9 7 8 7 14 16
19 20 5 5 1 18 3 6 15 11 9 17 7 16 16
19 20 2 12 15 5 8 11 16 5 20 17 20 16 16
19 20 2 5 12 6 7 4 14 4 15 17 11 16 16
19 20 2 5 8 11 15 15 7 1 4 17 20 16 16
19 20 2 4 8 12 15 15 7 4 1 17 7 1 16
19 20 2 5 6 15 7 15 7 4 1 15 1 4 16
19 20 2 5 17 1 16 8 18 9 7 8 7 14 16
19 20 19 11 3 15 11 20 20 1 9 17 7 16 16
19 5 3 17 20 9 6 15 4 9 1 15 1 4 16
19 5 3 17 8 5 15 5 14 8 1 17 7 1 16
19 20 2 5 3 6 18 20 20 9 17 12 11 16 16
19 5 20 7 15 3 6 18 5 9 4 17 20 16 16
19 20 5 5 7 15 15 4 15 3 6 17 7 1 16
19 20 2 5 3 11 15 3 5 1 9 17 7 16 16
19 20 2 5 8 11 20 15 15 2 9 17 7 16 16
19 20 2 5 8 15 18 1 1 4 18 4 7 1 16
19 20 2 5 3 7 6 20 18 9 1 15 1 4 16
19 20 2 5 8 6 15 4 13 5 1 17 7 1 16
19 5 3 20 2 6 15 5 9 4 15 17 11 16 16
19 20 2 5 8 7 15 15 3 15 9 4 13 1 16
19 20 5 8 4 8 3 5 2 15 16 6 6 1 16
19 20 5 11 11 8 15 14 7 9 1 15 1 4 16
19 20 2 5 15 15 7 15 16 9 1 15 1 4 16
19 20 5 5 11 6 15 3 20 12 9 13 7 1 16
19 20 2 6 8 8 15 14 8 8 15 8 7 14 16
19 20 2 5 15 15 4 15 4 4 1 17 7 1 3
19 20 5 5 11 15 18 5 15 16 1 17 7 1 16
19 20 2 5 8 8 15 15 16 10 18 17 7 16 16
19 20 5 5 17 11 15 15 7 15 9 15 1 4 16
19 20 2 6 11 15 7 15 13 9 4 17 20 16 16
19 20 2 5 20 4 15 15 8 15 9 17 7 16 16
19 20 2 13 13 20 15 15 8 20 9 17 7 16 16
19 20 5 5 11 5 14 5 16 9 17 12 11 16 16
19 5 3 2 15 5 11 2 5 4 18 4 7 1 16
19 20 4 5 18 20 6 20 5 14 1 17 7 1 16
19 5 3 17 18 11 15 6 15 4 4 17 20 16 16
19 20 5 5 8 5 15 7 11 8 1 17 7 1 16
19 20 5 5 7 15 15 8 15 15 7 8 7 14 16
19 20 5 5 11 20 15 4 15 9 1 17 7 1 16
19 20 5 5 7 15 4 5 6 8 1 17 7 1 16
19 20 2 12 8 15 7 15 20 9 7 8 7 14 16
19 20 5 5 17 20 15 4 15 14 9 17 7 16 16
19 20 5 5 8 6 18 6 3 1 1 17 7 1 16
19 20 2 6 4 17 7 15 20 11 5 15 1 4 16
19 20 2 5 6 11 20 6 9 4 15 17 11 16 16
19 5 3 12 17 15 11 6 6 4 18 4 7 1 16
19 20 4 5 18 5 15 4 4 9 4 17 20 16 16
19 20 5 5 18 17 4 5 15 3 6 20 7 1 16
19 20 4 5 18 11 3 20 15 15 1 17 7 1 16
19 20 5 5 8 6 7 4 7 4 1 17 7 1 16
19 20 5 6 13 15 20 15 18 5 1 17 7 1 3
19 20 5 5 11 5 15 4 4 11 1 17 7 1 16
19 20 5 4 15 5 5 8 11 5 1 17 7 1 16
19 20 5 5 17 16 5 15 15 1 18 4 7 1 16
19 20 5 5 16 3 15 4 5 20 6 17 7 1 16
19 20 5 5 8 8 15 6 15 15 2 8 7 14 16
19 20 4 5 18 11 15 4 15 15 1 17 7 1 16
19 20 5 5 8 11 11 20 15 7 1 15 1 4 16
19 20 2 20 6 12 15 7 15 4 1 17 7 1 16
19 20 5 5 17 11 6 15 20 8 1 17 7 1 16
19 20 5 5 5 11 6 4 15 15 1 17 7 1 16
19 20 5 5 17 5 4 15 9 8 14 17 7 1 16
19 5 3 6 4 20 5 15 9 4 15 17 11 16 16
19 20 5 6 4 4 15 15 11 5 1 17 7 1 3
19 20 5 5 4 15 11 20 18 13 1 17 7 1 16
19 20 5 5 1 5 6 18 4 8 1 17 7 1 16
19 20 5 5 9 8 8 15 11 15 18 17 7 1 16
19 5 20 11 15 15 13 6 15 9 7 8 7 14 16
19 5 16 6 5 7 20 15 3 2 9 17 7 16 16
19 20 5 5 7 18 6 4 15 8 18 4 7 1 16
19 20 5 5 6 8 5 4 15 20 8 17 20 16 16
19 20 5 5 18 11 15 6 17 4 1 17 7 1 16
19 20 5 5 8 6 7 15 5 9 1 15 1 4 16
19 20 2 4 11 15 15 11 1 4 15 17 11 16 16
19 20 4 5 15 3 15 7 15 5 1 17 7 1 3
19 20 5 5 16 5 15 18 8 15 7 8 7 14 16
19 20 5 5 1 17 5 15 4 5 14 8 15 3 16
19 20 5 5 7 6 6 15 11 3 7 8 7 14 16
19 5 3 3 20 15 15 20 15 20 9 3 11 4 16
19 20 5 5 8 15 7 11 11 20 9 3 11 4 16
19 20 5 5 8 20 18 5 8 5 1 17 7 1 16
19 20 4 5 18 6 18 6 17 9 1 15 1 4 16
19 20 5 6 7 15 7 15 9 3 1 17 7 1 16
19 5 3 17 10 15 15 6 4 5 15 17 11 16 16
19 20 5 5 11 4 8 15 5 5 1 17 7 1 16
19 20 5 5 15 4 15 15 6 9 7 8 7 14 16
19 20 2 5 15 5 20 15 20 20 15 17 11 16 16
19 20 4 5 13 11 4 15 7 5 1 17 7 1 16
19 5 3 17 9 8 7 15 20 8 1 17 7 1 16
19 20 5 5 8 20 6 17 15 16 6 17 7 1 16
19 5 20 6 17 15 16 6 2 20 17 12 11 16 16
19 20 2 5 6 5 15 15 16 7 17 4 7 1 16
19 20 5 5 11 5 7 18 16 3 10 15 1 4 16
19 20 2 5 20 8 15 7 15 5 5 17 7 1 3
19 20 5 5 8 20 15 15 20 2 5 17 7 1 16
19 20 5 5 7 15 4 15 8 9 7 8 7 14 16
19 20 5 5 7 20 11 6 17 12 1 17 7 1 16
19 20 5 5 5 4 5 15 3 5 1 17 7 1 16
19 20 5 5 11 15 4 5 15 20 1 17 7 1 16
19 20 5 4 11 11 20 15 15 3 1 17 7 1 16
19 20 5 5 11 5 8 15 20 8 1 17 7 1 16
19 20 5 5 7 6 11 17 6 4 15 17 11 16 16
19 20 15 4 3 18 6 20 1 9 1 15 1 4 16
19 20 5 5 7 17 6 7 6 15 1 15 1 4 16
19 20 5 5 8 6 15 6 17 9 1 15 1 4 16
19 20 2 5 3 4 15 7 15 4 18 4 7 1 16
19 20 4 5 18 8 6 4 15 5 1 15 1 4 16
19 5 20 4 11 20 15 15 9 4 15 17 11 16 16
19 20 5 5 5 15 11 20 15 11 9 17 7 1 16
19 20 4 5 18 8 2 4 15 5 1 17 7 1 3
19 5 20 5 4 4 20 15 5 15 1 17 7 1 16
19 20 5 5 5 15 11 20 15 15 1 17 7 1 16
19 5 20 5 8 5 18 6 11 5 6 15 1 4 16
19 20 5 5 11 6 2 17 11 18 1 15 1 4 16
19 5 3 17 18 6 15 2 9 4 18 4 7 1 16
19 20 5 5 7 18 11 15 8 9 7 8 7 14 16
19 5 20 13 20 14 15 15 11 9 4 17 20 16 16
19 20 5 5 6 15 7 15 6 15 4 17 20 16 16
19 20 5 5 7 8 15 7 15 3 1 15 1 4 16
19 20 4 5 6 15 14 15 15 18 1 15 1 4 16
19 20 4 5 18 5 6 15 6 13 7 8 7 14 16
19 20 4 5 18 5 6 15 13 1 7 8 7 14 16
19 20 5 5 8 5 11 15 11 3 15 17 7 1 16
19 20 5 5 8 15 4 15 17 4 1 17 7 1 16
19 20 5 5 11 8 15 7 16 13 14 17 7 1 16
19 5 20 4 11 5 18 6 1 9 7 8 7 14 16
19 20 2 5 3 4 15 4 15 13 3 17 7 16 16
19 20 4 5 18 5 16 15 4 15 13 15 1 4 16
19 20 5 5 20 20 5 20 4 4 17 4 7 1 16
19 20 2 6 2 4 4 11 3 11 9 17 20 16 16
19 20 2 5 5 8 4 15 11 9 4 17 20 16 16
19 20 4 5 6 15 15 15 6 20 15 17 11 16 16
19 20 5 5 11 5 15 13 11 5 1 17 7 1 16
19 20 5 5 7 18 15 16 6 13 18 17 7 1 16
19 20 5 5 1 8 8 7 15 8 1 17 7 1 16
19 20 5 5 15 6 15 7 15 1 7 8 7 14 16
19 20 5 5 16 11 4 15 4 8 1 17 7 1 16
19 20 5 3 15 4 13 7 15 5 1 15 1 4 16
19 20 5 5 7 4 15 11 13 5 1 17 7 1 16
19 20 5 12 11 10 5 15 6 20 14 17 7 1 16
19 20 5 5 17 8 15 8 20 9 1 17 7 1 16
19 20 5 5 5 5 4 5 15 5 11 17 7 1 16
19 20 5 5 11 15 6 15 5 5 1 17 7 1 16
19 20 5 5 8 6 18 6 15 8 1 17 7 1 16
19 20 5 5 7 3 3 7 15 4 1 17 7 1 16
19 20 5 5 11 5 15 20 15 14 1 15 1 4 16
19 20 5 5 8 6 18 6 15 8 1 17 7 1 16
19 20 5 5 1 5 16 6 5 5 1 17 7 1 3
19 5 20 6 3 15 6 15 9 14 1 17 7 1 16
19 20 5 5 7 12 4 5 15 5 1 17 7 1 16
19 20 5 5 7 18 17 20 20 1 1 15 1 4 16
19 20 5 5 16 4 5 15 3 15 18 4 7 1 16
19 20 5 5 7 16 20 11 8 6 1 17 7 1 16
19 20 5 5 7 4 15 2 15 9 4 17 20 16 16
19 20 5 6 7 4 15 15 11 3 1 17 7 1 3
19 20 5 5 20 2 18 5 5 5 1 17 7 1 3
19 20 5 5 15 4 15 4 8 3 1 17 7 1 16
19 20 5 5 6 4 20 14 5 5 1 17 7 1 16
19 20 5 5 8 10 4 15 9 4 18 4 7 1 16
19 20 5 6 4 6 18 6 2 9 4 17 20 16 16
19 20 5 5 7 20 8 15 3 9 4 17 20 16 16
19 20 2 6 6 20 15 8 5 1 9 17 7 16 16
19 20 5 5 11 8 12 7 15 20 1 15 1 4 16
19 20 5 5 18 8 7 20 20 9 1 15 1 4 16
19 20 5 5 11 20 15 14 11 9 4 17 20 16 16
19 20 5 5 7 18 18 6 3 5 1 17 7 1 16
19 20 5 5 4 6 4 15 11 9 7 8 7 14 16
19 20 5 5 1 5 17 4 8 9 1 15 1 4 16
19 20 5 5 17 15 6 18 5 9 7 8 7 14 16
19 20 5 5 8 7 15 5 15 8 1 17 7 1 3
19 20 5 5 8 15 5 1 11 5 1 17 7 1 16
19 20 5 5 1 17 20 15 15 5 1 17 7 1 16
19 20 5 5 1 6 9 6 20 4 18 4 7 1 16
19 20 5 5 9 4 15 4 8 15 17 4 7 1 16
19 20 5 6 2 15 11 20 16 4 18 4 7 1 16
19 20 5 5 16 11 20 15 11 1 1 17 7 1 16
19 20 5 5 6 7 4 18 13 1 1 15 1 4 16
19 20 5 5 1 5 13 8 6 20 9 13 7 1 16
19 5 20 5 4 8 1 20 9 4 15 17 11 16 16
19 20 5 5 20 7 15 20 5 16 1 15 1 4 16
19 20 5 4 4 8 15 7 15 12 4 17 20 16 16
19 20 5 5 7 18 15 4 15 15 14 15 1 4 16
19 20 5 6 13 11 4 15 8 11 5 15 1 4 16
19 20 5 5 8 6 17 15 5 15 17 8 7 14 16
19 20 5 6 12 15 4 7 15 15 18 15 1 4 16
19 20 5 5 11 13 15 15 11 18 7 8 7 14 16
19 20 5 5 16 7 18 5 8 8 15 17 11 16 16
19 20 5 5 7 17 6 4 3 16 1 15 1 4 16
19 20 5 5 1 11 15 4 5 15 4 17 20 16 16
19 20 5 5 1 5 4 17 5 9 7 8 7 14 16
19 20 5 5 6 20 8 15 7 18 1 15 1 4 16
19 20 5 5 11 10 15 9 5 20 1 17 7 1 16
19 20 4 5 14 6 6 18 15 4 1 17 7 1 16
19 20 5 5 11 6 15 11 20 6 9 17 7 1 16
19 20 5 5 1 5 18 11 6 4 18 15 1 4 16
19 20 5 5 1 5 20 15 15 5 1 17 7 1 16
19 20 5 5 7 18 2 20 15 8 1 17 7 1 16
19 20 5 5 1 8 11 17 15 17 9 15 1 4 16
19 20 5 5 7 9 15 7 15 2 5 4 7 1 16
19 5 8 7 2 3 20 15 18 1 17 17 7 16 16
19 20 13 5 17 5 15 20 6 4 9 17 7 16 16
19 20 5 5 8 20 15 1 5 9 7 8 7 14 16
19 20 5 4 5 5 15 6 9 4 15 17 11 16 16
19 20 5 6 12 20 7 20 15 3 14 17 7 1 16
19 20 4 5 18 11 3 15 8 4 18 4 7 1 16
19 20 5 5 7 18 20 15 6 17 17 12 11 16 16
19 20 2 6 20 15 11 20 20 1 9 17 7 16 16
19 20 5 5 11 6 4 18 5 9 7 8 7 14 16
19 20 2 5 15 15 15 20 5 4 18 4 7 1 16
19 20 2 20 4 6 11 20 15 15 9 17 7 16 16
19 20 5 5 7 17 3 20 15 16 9 15 1 4 16
19 5 3 18 9 6 7 15 3 16 1 15 1 4 16
19 20 5 5 13 15 11 20 17 1 1 17 7 1 16
19 20 5 5 5 8 4 17 15 11 1 17 7 1 16
19 20 5 5 7 3 5 15 6 20 9 17 7 1 16
19 20 5 5 14 8 8 15 7 15 15 15 1 4 16
19 20 5 13 12 15 11 8 18 11 5 15 1 4 16
19 20 5 5 4 18 6 3 1 4 15 17 11 16 16
19 20 5 4 20 15 4 15 12 18 7 8 7 14 16
19 20 5 5 1 5 18 6 20 9 7 8 7 14 16
19 20 5 16 15 16 15 15 15 6 4 17 20 16 16
19 5 20 11 8 4 15 20 3 1 9 17 7 16 16
19 20 5 5 20 8 15 15 6 4 15 17 11 16 16
19 20 5 5 11 6 3 1 5 9 7 8 7 14 16
19 20 5 5 11 20 5 15 5 5 1 17 7 1 16
19 5 3 12 13 7 15 20 14 9 17 12 11 16 16
19 20 5 5 8 14 6 15 6 9 4 17 20 16 16
19 20 5 5 11 13 8 8 15 15 9 17 7 16 16
19 20 5 5 6 4 15 17 15 18 5 17 20 16 16
19 20 5 5 3 15 6 4 18 5 1 15 1 4 16
19 20 5 5 7 5 11 4 15 15 1 17 7 1 16
19 20 5 5 5 3 20 15 15 17 18 4 7 1 16
19 20 5 4 11 15 15 8 5 5 1 17 7 1 3
19 20 4 5 15 15 4 11 5 9 7 8 7 14 16
19 20 5 5 11 6 18 6 11 9 4 17 20 16 16
19 20 5 5 7 15 5 5 15 13 1 17 7 1 16
19 20 4 5 18 7 15 7 8 17 20 15 1 4 16
19 20 5 5 5 6 15 7 15 15 14 15 1 4 16
19 20 5 5 1 2 15 4 8 20 1 17 7 1 16
19 20 5 5 17 3 15 11 8 5 1 17 7 1 16
19 5 20 6 6 4 15 15 4 5 1 17 7 1 16
19 20 5 5 1 15 6 15 15 7 17 4 7 1 16
19 20 5 5 7 18 15 5 15 1 1 17 7 1 3
19 20 5 5 4 11 15 14 15 9 1 15 1 4 16
19 20 5 5 18 6 15 13 5 9 7 8 7 14 16
19 20 5 5 7 5 1 5 15 20 9 3 11 4 16
19 20 5 5 17 15 11 20 15 4 1 17 7 1 16
19 20 5 5 11 15 7 5 4 9 17 12 11 16 16
19 20 5 5 1 5 15 7 15 15 1 15 1 4 16
19 20 5 6 7 7 15 6 16 9 1 15 1 4 16
19 20 5 5 5 3 2 20 20 15 9 4 13 1 16
19 20 5 5 11 10 20 6 5 20 1 17 7 1 16
19 20 5 5 7 18 6 2 11 4 1 17 7 1 16
19 20 5 5 11 15 11 20 13 1 9 17 7 16 16
19 5 15 2 17 10 7 15 6 6 4 17 20 16 16
19 20 4 12 8 5 15 6 20 7 9 17 7 16 16
19 20 5 5 8 7 15 15 13 9 7 8 7 14 16
19 20 5 5 15 13 15 4 15 4 1 17 7 1 16
19 20 5 5 18 2 6 7 15 20 5 17 7 1 3
19 20 5 5 7 17 7 4 4 9 17 12 11 16 16
19 20 4 5 18 8 15 7 3 20 15 17 11 16 16
19 20 5 5 8 8 11 15 11 5 1 15 1 4 16
19 20 5 5 11 6 18 6 18 5 1 17 7 1 16
19 20 5 5 7 18 6 4 5 20 1 17 7 1 16
19 20 5 5 7 15 15 14 11 9 4 17 20 16 16
19 20 5 5 5 18 6 20 5 8 1 17 7 1 3
19 20 5 5 11 6 3 4 15 15 1 17 7 1 16
19 5 3 18 16 6 6 3 8 1 9 17 7 16 16
19 20 4 5 20 4 15 15 15 7 17 4 7 1 16
19 20 5 5 1 3 3 20 15 15 9 17 7 1 16
19 20 5 5 11 3 15 6 20 9 17 12 11 16 16
19 20 5 15 5 4 15 16 11 5 1 17 7 1 16
19 20 5 5 5 17 13 15 20 9 1 15 1 4 16
19 20 5 6 9 6 12 3 5 5 1 17 7 1 3
19 20 5 5 1 15 18 6 15 3 1 17 7 1 16
19 20 5 9 11 6 4 15 3 9 4 17 20 16 16
19 20 5 5 8 5 4 15 9 4 15 17 11 16 16
19 20 5 5 5 8 15 4 15 3 6 15 1 4 16
19 20 5 5 8 8 15 15 5 9 7 8 7 14 16
19 20 5 5 5 15 11 20 15 3 18 17 7 1 16
19 5 20 6 18 7 18 6 1 7 17 4 7 1 16
19 20 5 5 8 6 4 20 4 1 1 15 1 4 16
19 20 5 5 11 20 2 17 4 4 18 4 7 1 16
19 20 2 5 3 8 18 6 6 9 4 17 20 16 16
19 20 5 5 7 17 6 13 16 8 1 17 7 1 16
19 20 5 5 1 18 6 17 18 15 9 4 13 1 16
19 20 5 5 7 20 15 8 15 11 1 17 7 1 3
19 20 5 5 11 18 5 10 13 15 4 17 20 16 16
19 20 5 5 11 18 6 15 20 20 4 17 20 16 16
19 20 4 5 18 8 5 20 11 4 15 17 11 16 16
19 20 5 5 11 15 15 4 15 15 5 15 1 4 16
19 5 3 17 18 15 5 11 3 20 17 4 7 1 16
19 5 15 11 6 4 5 15 5 1 9 17 7 16 16
19 20 5 5 17 2 6 7 9 9 17 12 11 16 16
19 20 5 5 7 3 15 15 7 9 1 15 1 4 16
19 20 5 5 11 18 15 5 6 5 1 17 7 1 3
19 5 3 17 17 15 20 15 15 15 18 4 7 1 16
19 5 20 8 15 3 7 8 9 4 15 17 11 16 16
19 20 5 6 8 15 11 17 12 5 1 17 7 1 16
19 20 5 13 16 5 7 8 8 15 15 17 7 1 3
19 20 5 5 16 3 7 15 15 3 4 17 20 16 16
19 20 5 5 7 17 20 5 4 15 4 12 5 19 16
19 20 5 9 20 18 6 3 15 5 1 15 1 4 16
19 20 5 5 11 6 15 11 8 8 9 17 7 1 16
19 20 5 5 11 12 20 5 15 7 17 4 7 1 16
19 20 5 5 20 4 11 15 5 9 7 8 7 14 16
19 20 5 5 6 4 10 15 5 15 4 17 20 16 16
19 20 5 5 7 18 4 15 15 6 1 17 7 1 16
19 20 4 5 18 5 6 15 11 15 18 13 7 1 16
19 20 4 5 6 3 1 15 8 20 17 4 7 1 16
19 20 5 6 8 2 18 5 15 18 7 8 7 14 16
19 20 5 5 7 18 2 15 13 4 1 17 7 1 16
19 20 5 5 8 17 15 12 15 5 12 8 7 14 16
19 20 5 20 15 6 15 10 9 4 15 17 11 16 16
19 20 6 6 15 15 15 17 18 9 7 8 7 14 16
19 20 5 5 6 6 11 18 5 15 9 4 13 1 16
19 20 5 5 7 15 3 20 2 15 4 17 20 16 16
19 20 5 5 7 17 3 15 4 10 9 15 1 4 16
19 20 5 5 11 6 8 6 4 3 9 17 7 1 16
19 20 5 5 16 4 15 4 15 5 18 17 7 1 16
19 20 5 5 7 15 20 15 5 4 1 17 7 1 16
19 20 5 5 13 7 15 15 15 3 1 17 7 1 16
19 5 20 5 6 8 4 20 15 7 17 4 7 1 16
19 20 5 5 8 10 15 7 15 20 6 15 1 4 16
19 20 5 5 15 11 20 17 11 14 1 17 7 1 16
19 20 5 5 1 3 18 5 3 9 4 17 20 16 16
19 20 2 5 3 6 7 15 15 16 1 17 7 1 3
19 20 5 5 6 17 15 7 11 9 4 17 20 16 16
19 20 5 5 8 8 11 15 5 20 15 17 11 16 16
19 5 3 5 15 15 4 20 8 5 15 17 7 1 16
19 20 5 6 14 5 6 6 7 9 18 15 1 4 16
19 20 4 5 18 16 8 8 20 7 17 4 7 1 16
19 20 5 5 5 6 15 6 15 9 4 17 20 16 16
19 20 5 5 1 1 5 15 15 9 1 17 7 1 16
19 20 4 5 6 4 15 15 15 9 9 17 7 16 16
19 20 5 5 13 4 20 8 15 9 7 8 7 14 16
19 20 5 5 7 17 6 4 15 16 1 17 7 1 16
19 20 5 5 15 7 18 11 5 4 18 4 7 1 16
19 20 5 5 7 11 6 18 8 1 1 17 7 1 16
19 20 5 5 8 4 20 15 20 14 1 17 7 1 16
19 5 20 6 8 15 18 6 20 1 4 17 20 16 16
19 20 5 5 8 15 4 12 15 8 1 17 7 1 16
19 20 5 5 11 20 3 15 15 20 1 17 7 1 3
19 20 5 5 16 15 20 15 15 4 1 17 7 1 16
19 20 5 17 15 2 11 20 11 6 1 17 7 1 3
19 20 5 5 16 4 15 15 9 4 15 17 11 16 16
19 20 5 5 11 15 15 11 20 6 1 17 7 1 16
19 20 5 5 8 6 15 17 20 5 1 17 7 1 16
19 20 5 5 11 1 2 4 15 5 17 12 11 16 16
19 20 5 5 8 5 15 6 5 20 1 17 7 1 16
19 20 5 5 15 20 8 6 7 15 14 17 7 1 3
19 20 5 5 11 10 15 16 5 15 4 17 20 16 16
19 20 5 5 7 20 5 15 8 15 1 17 7 1 16
19 20 5 5 17 5 9 6 6 9 4 17 20 16 16
19 20 5 5 18 15 15 20 6 18 7 8 7 14 16
19 5 20 12 12 20 5 11 12 3 1 15 1 4 16
19 5 20 6 18 9 2 20 17 3 4 17 20 16 16
19 20 5 13 12 15 7 15 20 15 7 8 7 14 16
19 20 5 5 16 8 6 15 7 1 9 17 7 16 16
19 20 5 5 11 5 8 4 15 15 1 15 1 4 16
19 20 5 5 11 18 15 1 5 9 7 8 7 14 16
19 20 5 5 7 9 4 15 15 16 17 12 11 16 16
19 20 5 5 4 5 14 5 15 4 1 15 1 4 16
19 5 20 20 8 15 7 20 20 5 1 15 1 4 16
19 20 5 5 7 15 8 5 15 5 1 17 7 1 16
19 20 5 5 1 3 7 15 20 6 17 8 7 14 16
19 20 5 5 6 17 15 7 15 3 20 15 1 4 16
19 20 5 5 11 11 15 5 11 15 15 15 1 4 16
19 20 5 5 11 20 15 15 8 9 17 12 11 16 16
19 20 5 5 3 15 20 15 20 9 7 8 7 14 16
19 20 5 5 7 15 4 15 8 5 1 17 7 1 16
19 20 5 5 15 20 12 3 11 9 4 17 20 16 16
19 20 5 5 8 15 4 17 5 1 9 17 7 16 16
19 20 5 5 14 8 15 5 15 20 9 3 11 4 16
19 5 20 6 8 8 8 15 6 15 9 17 7 1 16
19 5 20 15 1 9 6 9 11 9 1 15 1 4 16
19 5 20 20 15 4 15 14 5 15 7 8 7 14 16
19 20 5 5 3 20 17 20 15 13 18 4 7 1 16
19 20 5 5 7 18 16 6 5 14 1 17 7 1 16
19 20 5 13 5 8 5 20 20 18 1 15 1 4 16
19 20 5 11 12 6 18 6 3 15 1 15 1 4 16
19 20 5 5 2 4 15 5 13 9 7 8 7 14 16
19 20 5 5 11 15 9 6 15 15 17 8 7 14 16
19 20 5 5 20 15 4 15 4 1 9 17 7 16 16
19 20 5 5 7 3 2 7 20 6 4 17 20 16 16
19 5 20 6 15 7 15 8 7 2 4 17 20 16 16
19 5 20 20 3 4 5 15 4 9 1 15 1 4 16
19 20 5 5 16 6 15 5 15 20 9 3 11 4 16
19 5 20 4 3 8 15 7 15 9 4 17 20 16 16
19 5 20 12 18 8 6 15 13 16 1 15 1 4 16
19 20 5 5 11 5 15 7 15 1 7 8 7 14 16
19 5 3 18 5 8 15 2 17 13 18 4 7 1 16
19 20 5 5 14 15 11 20 1 1 9 17 7 16 16
19 20 5 5 6 5 6 15 20 9 1 15 1 4 16
19 5 20 6 15 7 15 3 18 4 15 17 11 16 16
19 20 5 13 8 6 15 7 13 16 9 17 7 16 16
19 20 4 5 6 18 6 1 5 15 9 4 13 1 16
19 20 5 5 7 17 4 5 15 6 1 17 7 1 16
19 5 3 20 8 5 15 6 18 4 15 17 11 16 16
19 20 4 5 15 15 6 20 6 9 4 17 20 16 16
19 20 5 5 17 15 4 15 17 9 7 8 7 14 16
19 20 5 5 17 10 20 15 4 8 17 4 7 1 16
19 20 5 5 11 6 11 20 5 4 1 17 7 1 16
19 20 5 5 12 6 11 15 6 5 1 17 7 1 16
19 20 5 5 11 4 15 5 15 20 9 3 11 4 16
19 20 5 5 11 15 6 14 3 5 1 17 7 1 16
19 20 5 5 7 17 6 4 15 5 1 17 7 1 16
19 20 5 5 8 6 7 15 6 14 4 17 20 16 16
19 20 5 5 6 4 15 6 5 9 7 8 7 14 16
19 20 5 5 11 15 5 15 15 16 17 17 7 1 3
19 20 5 5 7 18 4 15 6 9 7 8 7 14 16
19 20 5 5 8 7 15 7 15 9 7 8 7 14 16
19 20 5 5 11 10 3 15 6 8 1 17 7 1 3
19 20 5 5 7 4 15 4 5 7 17 4 7 1 16
19 20 5 5 11 6 4 17 12 15 1 15 1 4 16
19 5 20 12 5 5 15 5 2 4 18 4 7 1 16
19 20 4 5 3 10 15 7 15 4 18 4 7 1 16
19 5 3 17 3 6 8 7 15 9 4 17 20 16 16
19 5 20 8 18 11 20 15 15 8 1 17 7 1 16
19 20 5 5 17 2 15 14 6 4 1 17 7 1 16
19 20 5 5 11 17 15 11 6 9 7 8 7 14 16
19 20 5 5 16 16 18 6 7 5 1 17 7 1 3
19 20 5 5 7 18 8 4 15 6 17 4 7 1 16
19 20 5 15 7 15 11 20 17 11 1 17 7 1 16
19 20 5 5 5 5 15 17 15 15 1 15 1 4 16
19 20 5 5 7 15 6 7 20 15 7 8 7 14 16
19 20 5 5 7 3 5 15 8 8 1 17 7 1 16
19 20 4 5 18 11 7 3 9 1 9 17 7 16 16
19 20 5 5 11 15 4 15 6 15 4 17 20 16 16
19 20 5 5 7 4 11 4 15 15 17 12 11 16 16
19 20 5 5 1 5 1 6 5 5 1 17 7 1 16
19 20 5 5 8 5 4 15 15 4 18 4 7 1 16
19 20 5 5 20 9 3 15 5 20 1 15 1 4 16
19 20 5 5 16 5 7 15 4 18 4 17 20 16 16
19 20 5 5 8 2 4 18 15 6 7 8 7 14 16
19 20 4 5 18 16 6 15 15 9 4 17 20 16 16
19 20 5 4 13 3 17 20 11 4 15 15 1 4 16
19 5 20 6 6 7 18 6 15 20 1 17 7 1 16
19 20 5 5 16 15 4 15 5 4 18 4 7 1 16
19 20 5 5 11 15 20 15 20 5 1 17 7 1 16
19 20 5 5 4 8 6 15 8 5 1 17 7 1 16
19 20 5 5 3 17 13 5 15 9 7 8 7 14 16
19 20 5 5 7 15 13 11 8 20 18 15 1 4 16
19 20 5 5 11 15 15 2 15 11 1 17 7 1 16
19 20 5 5 11 20 16 15 5 5 1 17 7 1 16
19 20 5 6 8 6 4 15 4 1 9 17 7 16 16
19 20 5 5 11 5 20 20 9 4 15 17 11 16 16
19 20 5 5 1 5 11 8 20 6 1 15 1 4 16
19 20 5 5 7 15 5 15 15 6 15 17 7 1 16
19 20 5 5 1 5 6 15 9 11 1 15 1 4 16
19 20 4 5 8 6 12 15 11 20 1 15 1 4 16
19 20 5 5 16 6 20 5 11 9 15 17 11 16 16
19 20 5 5 1 5 15 8 5 5 1 17 7 1 16
19 5 20 1 8 20 7 20 20 5 1 17 7 1 16
19 5 3 8 7 15 11 6 17 5 18 17 7 16 16
19 20 5 5 17 5 15 5 16 9 15 17 7 1 16
19 20 5 5 8 6 4 15 15 1 7 8 7 14 16
19 5 20 6 18 6 20 15 11 6 1 17 7 1 3
19 20 5 5 1 9 11 6 4 4 8 15 1 4 16
19 20 5 13 10 8 15 7 15 5 1 17 7 1 16
19 20 5 5 1 5 18 6 8 9 1 15 1 4 16
19 20 5 5 7 17 15 15 16 5 1 17 7 1 16
19 20 5 5 1 11 15 6 15 14 9 17 7 16 16
19 20 13 5 18 18 8 3 4 15 2 10 20 16 16
19 20 5 6 16 5 6 6 3 9 1 15 1 4 16
19 20 5 13 8 11 5 16 11 9 4 17 20 16 16
19 20 5 5 12 6 10 4 15 1 1 17 7 1 16
19 20 5 5 1 5 4 4 15 5 18 15 1 4 16
19 20 5 6 16 11 14 3 15 18 15 8 7 14 16
19 20 5 5 1 4 8 15 15 11 15 15 1 4 16
19 20 5 5 20 11 20 20 15 4 15 17 11 16 16
19 5 20 6 18 15 3 3 5 9 7 8 7 14 16
19 20 5 5 15 4 15 4 5 20 20 17 7 16 16
19 20 5 5 7 15 7 15 20 18 1 15 1 4 16
19 5 20 6 18 3 6 15 15 3 17 4 7 1 16
19 20 5 5 11 3 1 6 15 18 4 17 20 16 16
19 5 3 11 16 15 2 18 4 8 17 4 7 1 16
19 20 5 6 5 2 17 18 15 9 4 17 20 16 16
19 5 3 17 4 6 3 8 15 4 18 4 7 1 16
19 20 5 5 7 15 11 20 15 5 1 17 7 1 16
19 20 5 5 7 17 4 5 6 20 15 4 7 1 16
19 20 5 9 8 6 15 7 15 1 7 8 7 14 16
19 20 5 5 1 6 4 5 15 5 5 17 7 1 16
19 20 4 5 5 5 2 11 15 5 1 17 7 1 16
19 20 5 5 8 6 15 5 1 5 1 17 7 1 16
19 5 20 6 3 3 15 6 15 4 18 4 7 1 16
19 20 5 5 17 6 6 7 15 7 17 4 7 1 16
19 20 5 5 8 18 6 15 6 8 9 15 1 4 16
19 20 5 5 7 15 8 15 4 20 1 17 7 1 16
19 20 5 6 8 4 15 12 15 9 7 8 7 14 16
19 20 5 5 8 11 17 11 20 15 3 17 7 1 16
19 20 5 5 16 1 16 6 15 6 7 15 1 4 16
19 20 5 5 1 5 4 5 8 9 1 15 1 4 16
19 20 5 5 11 6 4 5 15 4 1 17 7 1 16
19 20 5 5 16 15 8 5 11 4 15 17 11 16 16
19 20 4 5 6 1 5 8 15 8 1 15 1 4 16
19 20 5 5 11 5 5 2 17 9 4 17 20 16 16
19 20 5 5 17 13 15 15 11 15 17 4 7 1 16
19 20 4 5 18 8 15 20 9 4 15 17 11 16 16
19 20 5 4 14 15 4 5 15 11 1 17 7 1 16
19 5 20 6 2 3 15 7 15 18 1 15 1 4 16
19 20 5 5 1 5 8 18 15 5 1 17 7 1 16
19 20 5 6 11 7 15 20 9 4 15 17 11 16 16
19 20 5 6 6 1 5 15 13 11 5 17 7 1 16
19 20 5 5 7 17 6 15 11 9 1 15 1 4 16
19 20 5 6 18 16 19 15 20 5 1 17 7 1 3
19 20 5 6 9 16 6 18 1 9 7 8 7 14 16
19 20 5 5 7 3 7 15 9 18 1 15 1 4 16
19 20 5 5 6 11 20 15 15 8 1 17 7 1 16
19 5 3 17 5 11 20 15 20 1 9 17 7 16 16
19 20 5 5 11 20 15 15 7 15 1 17 7 1 16
19 20 5 5 15 20 4 5 15 5 1 17 7 1 16
19 20 5 5 8 1 18 8 3 18 4 17 20 16 16
19 20 5 6 20 5 15 5 9 4 15 17 11 16 16
19 20 5 5 4 6 4 15 2 3 4 17 20 16 16
19 20 2 9 6 15 7 3 20 7 4 17 20 16 16
19 20 5 5 1 6 11 15 7 18 9 15 1 4 16
19 20 5 5 7 8 18 6 18 11 15 15 1 4 16
19 5 20 20 8 15 4 15 20 5 1 17 7 1 16
19 20 5 4 6 15 11 20 15 4 15 17 11 16 16
19 20 5 5 11 5 15 7 15 16 5 17 20 16 16
19 20 5 5 11 15 7 15 9 9 7 8 7 14 16
19 20 5 5 4 7 20 15 1 9 1 15 1 4 16
19 20 5 5 8 15 7 15 16 9 7 8 7 14 16
19 20 5 13 12 8 15 15 6 3 4 17 20 16 16
19 20 5 5 7 17 17 20 5 1 4 17 20 16 16
19 20 5 5 6 4 5 15 5 3 17 4 7 1 16
19 20 4 5 18 8 6 4 15 8 1 15 1 4 16
19 20 5 5 11 20 5 15 6 20 15 17 7 1 3
19 20 5 5 2 1 6 4 20 9 4 17 20 16 16
19 20 4 5 3 15 5 15 9 4 15 17 11 16 16
19 20 5 5 5 6 7 15 20 9 4 17 20 16 16
19 20 5 5 14 6 18 7 15 5 1 15 1 4 16
19 20 2 5 3 15 20 15 15 5 18 4 7 1 16
19 20 5 5 16 15 11 8 1 9 1 15 1 4 16
19 20 5 5 8 15 15 4 18 4 15 17 11 16 16
19 5 20 6 18 5 7 15 14 14 1 15 1 4 16
19 20 5 5 5 15 7 11 9 4 15 17 11 16 16
19 20 5 5 20 15 11 20 15 3 1 17 7 1 16
19 20 2 15 4 20 3 3 3 4 18 4 7 1 16
19 20 5 4 17 11 15 11 20 15 6 17 7 1 16
19 20 5 5 8 15 5 15 5 15 1 17 7 1 16
19 20 5 5 11 20 15 15 20 15 9 4 13 1 16
19 20 5 6 8 17 6 17 3 12 9 13 7 1 16
19 20 5 5 11 11 20 15 15 5 1 17 7 1 3
19 20 5 5 7 8 15 3 11 4 1 17 7 1 16
19 20 5 5 5 8 6 7 15 15 8 17 20 16 16
19 20 5 5 17 10 17 15 20 15 9 4 13 1 16
19 20 5 5 7 20 8 15 11 20 4 17 7 1 16
19 20 5 5 7 18 11 4 15 16 1 17 7 1 16
19 20 5 4 15 11 20 15 15 15 18 17 7 1 16
19 20 5 5 7 18 20 11 20 3 1 17 7 1 16
19 20 5 5 17 1 18 6 5 15 14 15 1 4 16
19 20 5 5 8 8 15 11 4 15 15 8 7 14 16
19 20 4 5 20 3 18 5 3 18 9 17 7 1 16
19 20 5 5 11 13 6 18 6 15 14 17 7 1 16
19 20 5 5 5 5 15 10 18 4 18 4 7 1 16
19 5 20 6 15 20 5 15 8 11 7 8 7 14 16
19 20 5 5 7 20 15 4 15 20 17 12 11 16 16
19 20 5 5 8 15 6 8 8 15 9 17 7 16 16
19 5 20 6 2 15 15 3 9 4 15 17 11 16 16
19 20 5 5 15 15 7 15 15 4 18 4 7 1 16
19 20 5 5 11 20 15 15 9 4 15 17 11 16 16
19 20 5 5 11 3 20 15 8 18 7 8 7 14 16
19 20 5 5 1 4 3 5 5 15 9 4 13 1 16
19 20 13 5 17 4 6 4 5 5 9 17 7 1 16
19 20 5 5 1 9 11 20 17 14 9 17 7 16 16
19 20 4 5 15 11 15 4 15 20 15 17 11 16 16
19 20 5 5 18 5 20 15 15 1 9 17 7 16 16
19 20 5 5 9 6 15 15 3 9 4 17 20 16 16
19 20 5 5 1 5 15 4 18 15 9 4 13 1 16
19 20 5 5 10 3 15 15 5 9 7 8 7 14 16
19 20 6 11 15 4 15 18 8 9 1 15 1 4 16
19 20 5 5 5 15 11 20 15 15 9 17 7 1 16
19 5 20 11 10 11 9 6 18 1 9 17 7 16 16
19 20 5 5 14 8 6 20 15 4 17 4 7 1 16
19 20 5 5 11 5 15 15 6 8 1 17 7 1 16
19 20 5 5 7 18 7 15 7 15 15 17 11 16 16
19 5 3 17 11 8 11 18 5 6 11 4 7 1 16
19 20 2 17 15 6 15 8 4 9 17 12 11 16 16
19 5 20 5 18 7 15 18 8 4 18 4 7 1 16
19 20 5 5 16 15 20 18 15 5 1 17 7 1 16
19 20 5 5 11 15 16 5 4 18 4 17 20 16 16
19 20 5 5 14 13 20 15 15 7 1 17 7 1 16
19 20 4 5 10 6 15 5 15 4 15 17 11 16 16
19 20 5 5 11 4 18 6 17 3 9 15 1 4 16
19 20 5 5 10 15 7 15 9 11 6 17 7 1 16
19 20 5 5 1 5 13 5 15 9 1 15 1 4 16
19 20 5 5 11 20 6 11 11 8 1 17 7 1 16
19 20 5 5 5 4 5 6 5 4 18 4 7 1 16
19 20 5 5 7 4 15 15 8 5 1 15 1 4 16
19 20 5 4 4 6 5 6 11 3 15 17 11 16 16
19 20 2 6 10 20 15 18 11 15 1 17 7 1 16
19 20 4 5 18 8 5 15 18 6 17 4 7 1 16
19 5 3 18 8 11 18 5 5 15 9 4 13 1 16
19 20 5 5 1 5 8 18 3 9 4 17 20 16 16
19 20 5 5 11 15 8 15 20 15 1 15 1 4 16
19 20 5 5 11 20 15 4 15 16 1 15 1 4 16
19 20 5 5 1 5 11 6 17 4 17 4 7 1 16
19 20 5 5 7 15 6 15 5 15 9 17 7 16 16
19 20 5 5 11 20 3 20 4 9 17 12 11 16 16
19 20 5 5 6 5 6 15 7 1 12 15 1 4 16
19 20 5 5 5 11 6 7 15 4 1 17 7 1 16
19 20 5 5 11 6 4 5 15 6 1 17 7 1 16
19 20 5 5 7 6 18 7 15 15 4 17 20 16 16
19 20 5 5 8 11 20 6 3 12 9 13 7 1 16
19 20 5 5 5 5 15 20 4 9 17 12 11 16 16
19 20 5 5 7 4 8 15 20 9 4 17 20 16 16
19 20 5 5 7 17 4 15 20 5 6 8 7 14 16
19 20 4 5 6 7 15 8 20 5 1 17 7 1 16
19 20 5 5 8 11 15 17 11 15 18 17 7 1 16
19 20 5 6 2 18 6 20 9 4 15 17 11 16 16
19 20 5 5 1 1 15 15 20 9 7 8 7 14 16
19 20 5 6 14 11 8 15 18 6 18 13 7 1 16
19 20 5 5 7 18 6 6 6 9 1 15 1 4 16
19 20 5 5 11 15 5 20 8 5 1 17 7 1 16
19 20 5 5 1 6 9 5 6 9 17 12 11 16 16
19 20 4 6 18 11 15 20 20 18 4 17 20 16 16
19 20 5 5 11 7 10 20 15 3 1 15 1 4 16
19 20 5 5 11 18 6 15 4 6 6 15 1 4 16
19 20 5 5 11 5 7 15 7 9 1 15 1 4 16
19 20 4 6 15 8 18 6 15 9 4 17 20 16 16
19 20 5 5 1 4 20 15 15 5 1 17 7 1 16
19 20 5 5 7 15 20 15 15 1 9 17 7 16 16
19 20 5 5 1 6 4 4 9 4 15 17 11 16 16
19 20 5 4 7 3 5 5 15 20 9 3 11 4 16
19 20 5 5 8 17 20 15 5 9 7 8 7 14 16
19 20 5 5 11 4 15 5 6 18 8 8 7 14 16
19 20 5 5 4 5 15 11 2 17 18 8 7 14 16
19 20 5 5 11 11 15 7 15 12 9 17 7 1 16
19 20 5 5 17 6 7 20 16 16 1 15 1 4 16
19 20 5 5 5 18 4 5 6 4 15 17 11 16 16
19 20 5 5 5 1 6 18 6 9 7 8 7 14 16
19 20 5 5 7 15 15 11 20 8 1 17 7 1 16
19 20 5 6 15 8 15 11 3 12 17 4 7 1 16
19 20 5 5 11 18 5 13 5 1 9 17 7 16 16
19 20 5 5 14 6 4 5 15 5 1 17 7 1 3
19 20 5 5 13 5 15 15 15 18 17 12 11 16 16
19 20 5 5 20 15 11 20 15 17 9 17 7 16 16
19 20 5 5 8 6 3 15 6 6 17 4 7 1 16
19 20 5 5 1 15 15 4 15 15 4 17 20 16 16
19 20 5 5 7 17 8 20 3 20 17 8 7 14 16
19 20 5 5 8 3 15 15 20 15 17 6 1 4 16
19 20 4 5 6 18 16 15 7 6 18 17 7 1 3
19 20 5 6 4 11 5 15 11 5 1 17 7 1 16
19 20 5 5 11 4 3 6 17 11 1 17 7 1 16
19 20 5 5 7 18 11 15 5 9 7 8 7 14 16
19 20 5 5 7 4 5 4 3 9 1 15 1 4 16
19 20 5 5 2 4 8 6 15 7 17 4 7 1 16
19 20 5 5 8 18 15 12 15 11 1 15 1 4 16
19 5 15 7 15 15 16 15 4 9 1 15 1 4 16
19 20 5 5 11 3 6 15 16 1 9 17 7 16 16
19 20 5 5 7 17 20 5 13 9 1 15 1 4 16
19 5 20 6 18 4 7 6 17 5 5 17 7 16 16
19 20 5 5 8 15 20 5 15 4 1 17 7 1 16
19 20 5 5 5 15 7 8 9 4 15 17 11 16 16
19 20 5 6 11 8 15 7 15 3 5 15 1 4 16
19 20 5 6 5 18 6 15 5 15 9 4 13 1 16
19 20 5 5 7 18 15 18 8 6 18 17 7 1 16
19 20 5 5 17 5 15 4 15 15 18 17 7 16 16
19 5 20 5 15 3 4 5 15 20 9 17 7 16 16
19 5 20 6 1 8 18 1 2 7 17 4 7 1 16
19 20 5 5 13 5 15 14 6 15 4 17 20 16 16
19 20 5 5 11 2 4 18 5 18 7 8 7 14 16
19 20 5 5 17 12 5 15 6 3 1 17 7 1 16
19 20 5 5 7 2 6 17 15 4 1 17 7 1 16
19 20 2 5 20 11 20 15 20 1 9 17 7 16 16
19 20 5 5 1 5 13 15 15 9 4 17 20 16 16
19 20 5 5 2 4 15 6 3 9 4 17 20 16 16
19 20 5 10 11 6 17 4 20 9 17 12 11 16 16
19 20 5 5 6 4 5 15 5 16 7 4 7 1 16
19 20 5 5 16 6 15 11 4 7 17 4 7 1 16
19 20 5 5 6 20 15 5 5 1 9 17 7 16 16
19 20 5 5 13 20 11 15 18 9 1 15 1 4 16
19 20 5 15 11 3 1 6 15 5 4 17 20 16 16
19 20 5 5 8 15 3 5 4 15 7 8 7 14 16
19 20 5 5 11 6 20 15 15 5 7 8 7 14 16
19 20 5 5 3 17 7 15 5 9 7 8 7 14 16
19 20 5 5 11 15 4 3 8 4 1 17 7 1 16
19 20 5 5 7 2 6 15 15 9 7 8 7 14 16
19 20 5 5 11 4 15 4 20 15 15 15 1 4 16
19 20 5 5 20 20 15 15 15 9 4 17 20 16 16
19 20 5 5 8 5 15 13 18 4 18 4 7 1 16
19 20 5 5 1 18 5 18 11 9 4 17 20 16 16
19 20 5 5 5 5 15 7 3 5 1 17 7 1 16
19 20 4 5 4 6 4 5 15 11 1 17 7 1 16
19 20 5 5 17 15 18 6 13 9 7 8 7 14 16
19 20 5 5 11 17 15 20 4 9 17 12 11 16 16
19 20 5 5 1 5 17 13 5 9 4 17 20 16 16
19 20 5 5 17 4 6 15 13 3 3 17 7 1 16
19 20 5 6 5 13 8 18 6 9 7 8 7 14 16
19 20 5 5 11 15 4 5 15 11 1 17 7 1 3
19 20 5 5 11 17 15 11 20 15 6 17 7 1 16
19 20 5 6 6 4 15 15 5 14 9 17 7 16 16
19 20 5 5 6 6 17 6 18 9 8 17 7 1 16
19 20 5 5 5 4 11 20 15 20 9 3 11 4 16
19 20 5 5 11 4 15 3 6 11 12 4 7 1 16
19 20 5 5 7 6 20 15 20 8 6 17 7 1 16
19 20 5 6 13 15 15 4 8 5 1 17 7 1 16
19 20 5 5 11 5 15 14 15 9 7 8 7 14 16
19 5 20 15 8 4 5 3 15 3 9 17 7 16 16
19 20 5 5 13 9 6 3 4 9 17 12 11 16 16
19 20 5 5 14 3 4 7 15 8 1 17 7 1 16
19 20 5 5 16 6 7 5 10 15 17 12 11 16 16
19 20 4 5 18 8 7 15 7 15 9 13 7 1 16
19 20 4 5 6 18 15 7 17 7 17 4 7 1 16
19 5 20 5 15 11 20 17 4 1 9 17 7 16 16
19 20 5 16 18 15 20 15 15 8 18 4 7 1 16
19 20 5 5 1 5 6 15 16 9 7 8 7 14 16
19 20 5 5 9 8 20 4 15 16 1 15 1 4 16
19 20 5 5 11 11 20 15 15 14 7 8 7 14 16
19 20 5 16 15 6 3 15 9 11 5 15 1 4 16
19 20 5 5 5 15 4 5 15 5 15 17 7 16 16
19 5 20 6 17 15 5 20 5 4 18 4 7 1 16
19 20 5 5 6 17 15 9 6 18 1 15 1 4 16
19 20 5 5 5 6 20 5 15 1 9 17 7 16 16
19 20 5 5 11 5 5 15 6 15 9 17 7 1 3
19 20 5 6 15 4 5 15 5 14 15 17 11 16 16
19 20 5 5 1 5 8 5 15 15 20 15 1 4 16
19 5 20 6 3 4 5 15 6 1 9 17 7 16 16
19 5 20 13 15 11 20 15 15 11 17 17 7 1 16
19 20 5 5 18 8 6 15 4 9 17 12 11 16 16
19 20 5 5 7 18 18 15 17 15 11 17 20 16 16
19 20 5 5 11 15 8 4 15 6 7 8 7 14 16
19 20 5 5 8 11 20 17 5 3 1 17 7 1 16
19 20 5 5 5 15 4 20 1 5 1 17 7 1 16
19 20 5 5 8 7 15 3 4 9 4 17 20 16 16
19 20 5 5 2 15 18 6 18 8 11 6 20 16 16
19 20 5 5 17 16 6 20 8 15 4 17 20 16 16
19 20 5 5 11 7 15 7 17 15 17 8 7 14 16
19 20 5 5 1 5 12 7 18 5 1 15 1 4 16
19 20 5 5 11 15 4 18 4 15 9 4 13 1 16
19 20 5 4 5 20 5 20 4 9 17 12 11 16 16
19 20 5 6 11 20 15 15 3 4 15 17 11 16 16
19 20 5 9 7 13 6 15 1 9 1 15 1 4 16
19 20 5 5 7 20 11 15 11 15 1 17 7 1 3
19 5 20 6 18 6 4 8 15 15 17 4 7 1 16
19 20 5 6 8 4 15 4 20 9 1 15 1 4 16
19 20 5 5 11 18 2 4 15 20 15 15 1 4 16
19 20 5 12 5 6 4 15 15 9 7 8 7 14 16
19 20 5 5 11 15 20 15 15 8 1 17 7 1 16
19 20 5 6 6 7 15 1 6 15 17 4 7 1 16
19 20 5 5 14 6 20 7 15 9 4 17 20 16 16
19 20 5 5 11 5 15 15 6 15 4 17 20 16 16
19 5 20 8 6 4 15 20 5 9 4 17 20 16 16
19 20 5 5 11 11 8 13 8 9 7 8 7 14 16
19 20 5 5 7 6 11 20 15 20 11 3 7 1 16
19 20 5 5 11 17 8 15 20 20 4 17 20 16 16
19 20 5 6 16 10 4 15 15 5 9 17 7 1 16
19 20 5 6 6 11 20 15 3 16 15 17 11 16 16
19 20 5 5 5 8 15 4 15 1 15 15 1 4 16
19 20 5 5 7 3 2 17 3 9 7 8 7 14 16
19 20 5 6 12 12 15 15 15 9 7 8 7 14 16
19 20 5 5 7 18 11 20 4 9 4 17 20 16 16
19 5 20 15 11 20 15 15 6 9 15 17 11 16 16
19 20 5 5 7 5 5 6 15 5 1 17 7 1 16
19 20 5 6 6 18 15 6 7 4 17 12 11 16 16
19 5 20 6 3 5 15 15 15 9 7 8 7 14 16
19 20 5 5 8 9 13 7 15 9 1 15 1 4 16
19 5 20 11 12 17 15 5 11 4 1 17 7 1 3
19 20 5 5 7 18 6 15 5 1 9 17 7 16 16
19 20 5 5 1 5 6 7 15 11 1 17 7 1 16
19 20 5 5 11 18 6 15 5 1 1 15 1 4 16
19 20 5 5 11 20 20 15 15 4 1 17 7 1 16
19 20 5 5 4 6 4 15 6 15 14 8 7 14 16
19 20 5 5 16 18 15 5 5 15 9 4 13 1 16
19 20 5 5 1 6 15 6 5 9 7 8 7 14 16
19 20 5 5 8 18 3 15 6 20 1 17 7 1 16
19 5 3 17 3 7 15 6 6 15 1 17 7 16 16
19 20 5 9 11 18 20 14 16 15 9 4 13 1 16
19 20 4 5 18 8 7 15 20 18 4 17 20 16 16
19 20 5 6 8 11 15 11 20 15 17 17 7 1 16
19 20 5 5 7 18 15 4 3 9 7 8 7 14 16
19 20 5 5 11 18 8 15 15 8 2 17 7 1 16
19 20 4 6 8 6 3 15 4 15 17 12 11 16 16
19 20 5 5 5 15 7 6 5 5 1 17 7 1 16
19 20 5 5 6 5 11 17 3 12 15 13 7 1 16
19 5 20 5 5 6 17 15 3 8 1 17 7 1 16
19 20 5 5 7 18 4 3 20 12 9 13 7 1 16
19 20 4 5 6 20 11 15 5 9 7 8 7 14 16
19 20 16 15 11 20 15 3 5 4 18 4 7 1 16
19 20 5 5 11 15 15 5 15 4 1 17 7 1 16
19 20 5 6 5 5 15 7 20 5 4 17 20 16 16
19 5 20 6 7 14 15 18 6 15 7 8 7 14 16
19 20 5 5 5 6 4 18 5 4 18 4 7 1 16
19 20 5 5 7 17 11 6 12 6 17 4 7 1 16
19 5 20 6 15 20 20 5 5 1 9 17 7 16 16
19 20 5 5 7 15 15 15 10 9 4 17 20 16 16
19 20 5 5 1 15 6 5 15 20 9 3 11 4 16
19 20 4 5 5 7 15 20 18 4 15 17 11 16 16
19 20 5 5 5 11 20 15 15 1 9 17 7 16 16
19 20 2 5 4 15 5 2 17 1 9 17 7 16 16
19 5 3 5 5 14 6 13 5 15 9 4 13 1 16
19 20 5 5 14 2 4 15 15 5 18 4 7 1 16
19 20 4 5 20 18 9 2 9 4 1 17 7 1 3
19 20 5 5 11 20 3 20 15 20 1 17 7 1 16
19 20 5 5 5 4 8 5 15 18 1 15 1 4 16
19 20 5 5 8 15 15 15 8 4 15 17 11 16 16
19 20 5 4 11 15 7 15 7 5 1 17 7 1 16
19 20 5 5 15 12 6 15 5 4 18 4 7 1 16
19 20 5 5 8 6 15 6 15 9 4 17 20 16 16
19 20 5 5 6 4 15 18 6 6 9 4 13 1 16
19 20 5 5 20 5 15 5 3 1 9 17 7 16 16
19 20 5 6 1 6 7 15 20 9 17 12 11 16 16
19 20 5 5 1 8 5 15 6 20 9 4 7 1 16
19 20 5 5 14 6 18 11 9 4 15 17 11 16 16
19 20 5 5 7 18 11 6 15 15 17 5 1 4 16
19 20 4 5 6 15 5 15 20 4 15 17 11 16 16
19 20 5 11 4 11 20 15 15 15 9 17 7 16 16
19 20 5 6 8 5 15 4 15 9 7 8 7 14 16
19 20 5 5 7 20 15 3 5 1 9 17 7 16 16
19 5 3 18 11 17 7 15 20 15 17 4 7 1 16
19 20 5 5 8 12 15 4 15 3 18 17 7 1 16
19 20 5 5 14 20 6 7 20 4 18 4 7 1 16
19 5 20 12 6 5 5 20 9 4 15 17 11 16 16
19 20 5 5 11 5 4 15 9 4 15 17 11 16 16
19 20 5 5 8 5 6 15 7 20 5 15 1 4 16
19 20 5 5 11 6 11 20 15 14 9 17 7 16 16
19 20 5 5 1 15 15 6 12 15 4 17 20 16 16
19 20 5 5 3 6 18 6 3 9 4 17 20 16 16
19 20 5 5 11 15 18 6 5 5 1 17 7 1 16
19 20 5 5 11 17 20 6 2 9 4 17 20 16 16
19 20 5 5 11 20 4 5 15 15 1 17 7 1 3
19 20 5 6 6 15 18 6 3 4 15 17 11 16 16
19 20 5 5 1 18 6 6 15 5 1 17 7 1 16
19 20 5 6 6 15 5 4 5 5 7 8 7 14 16
19 20 5 5 7 18 6 3 6 8 1 17 7 1 16
19 20 5 5 11 8 12 6 15 9 7 8 7 14 16
19 20 5 5 7 4 15 20 20 8 1 17 7 1 16
19 20 4 5 15 15 4 15 11 11 18 17 7 16 16
19 20 5 5 20 5 6 11 15 4 15 17 11 16 16
19 20 4 5 18 4 15 4 15 20 9 17 7 16 16
19 20 5 5 14 6 15 16 12 15 9 4 13 1 16
19 20 5 5 11 11 18 4 11 4 1 17 7 1 16
19 20 5 4 15 7 15 9 13 18 1 17 7 1 3
19 20 5 5 16 9 20 15 5 5 1 17 7 1 3
19 20 5 3 15 15 4 20 5 9 1 15 1 4 16
19 20 5 5 7 20 11 20 3 17 1 17 7 1 16
19 5 20 4 8 5 15 4 9 4 15 17 11 16 16
19 20 5 5 11 5 15 6 20 5 1 17 7 1 16
19 20 5 5 11 20 15 15 6 4 18 4 7 1 16
19 20 5 5 15 20 1 11 4 3 1 17 7 1 16
19 5 20 6 18 4 6 17 12 20 1 15 1 4 16
19 20 5 5 6 8 15 7 11 20 1 17 7 1 16
19 20 4 5 18 17 8 15 15 4 15 17 11 16 16
19 20 5 4 8 18 8 15 7 15 1 15 1 4 16
19 20 5 6 1 4 8 17 18 4 15 17 11 16 16
19 20 5 5 6 17 6 4 15 20 1 17 7 1 16
19 20 5 5 11 15 20 15 20 8 6 5 7 14 16
19 20 5 5 11 15 3 5 15 20 9 3 11 4 16
19 20 5 5 6 4 5 20 9 4 15 17 11 16 16
19 20 5 5 17 4 15 20 16 5 1 17 7 1 16
19 20 5 5 4 14 6 15 18 4 15 17 11 16 16
19 5 3 20 13 20 15 15 5 4 18 4 7 1 16
19 20 5 5 16 13 15 4 5 4 18 4 7 1 16
19 20 5 6 6 11 20 17 9 4 15 17 11 16 16
19 20 5 5 7 17 18 13 11 11 5 17 7 1 16
19 20 5 5 7 15 15 15 5 9 7 8 7 14 16
19 20 4 5 17 3 11 4 15 6 3 17 7 16 16
19 20 5 5 3 20 8 16 15 4 15 17 11 16 16
19 20 5 5 11 18 5 5 11 9 4 17 20 16 16
19 20 5 5 12 20 15 3 8 1 9 17 7 16 16
19 20 5 5 7 15 2 15 17 16 1 17 7 1 16
19 5 20 6 18 1 7 6 15 10 17 4 7 1 16
19 20 4 5 6 17 15 2 15 7 17 4 7 1 16
19 20 5 6 6 18 4 5 1 16 1 15 1 4 16
19 5 20 4 17 18 5 1 5 9 7 8 7 14 16
19 20 4 5 18 8 15 20 15 8 1 6 1 4 16
19 20 5 12 5 6 15 8 9 4 15 17 11 16 16
19 20 5 5 4 6 6 15 3 9 1 17 7 1 16
19 20 5 5 4 4 8 15 8 9 7 8 7 14 16
19 20 5 5 3 15 15 15 20 8 1 17 7 1 16
19 20 5 5 7 18 5 15 15 20 1 17 7 1 16
19 20 4 5 18 6 3 6 17 1 9 17 7 16 16
19 5 20 6 15 11 11 6 18 7 17 4 7 1 16
19 20 5 5 7 18 6 18 15 1 9 17 7 16 16
19 20 5 5 17 5 15 5 11 6 15 17 7 16 16
19 20 5 5 16 4 15 4 15 5 1 17 7 1 16
19 20 5 5 8 15 11 6 9 4 15 17 11 16 16
19 20 5 5 16 8 6 7 3 9 4 17 20 16 16
19 20 5 5 8 7 15 4 4 9 4 17 20 16 16
19 20 5 5 7 20 7 15 4 3 15 17 7 1 16
19 20 5 5 11 20 13 18 6 2 18 15 1 4 16
19 20 5 5 17 20 17 15 4 8 11 17 7 1 16
19 20 5 5 4 12 18 6 20 3 1 15 1 4 16
19 20 4 5 6 18 2 20 3 9 4 17 20 16 16
19 20 5 5 8 6 4 15 14 4 18 4 7 1 16
19 5 20 14 5 6 15 17 5 9 7 8 7 14 16
19 20 5 6 8 11 6 17 9 4 15 17 11 16 16
19 20 5 5 11 18 15 6 4 13 1 17 7 1 3
19 20 5 5 4 15 7 15 20 4 15 17 11 16 16
19 5 20 5 10 11 15 15 15 4 4 17 7 1 16
19 20 5 5 7 17 4 6 20 4 15 17 11 16 16
19 20 5 5 11 15 5 15 15 13 1 17 7 1 16
19 20 5 5 17 11 15 4 15 16 8 17 20 16 16
19 20 5 6 20 11 4 4 5 1 9 17 7 16 16
19 20 5 5 11 15 4 15 15 15 1 15 1 4 16
19 20 5 5 7 3 6 17 11 4 15 17 11 16 16
19 20 5 6 5 8 15 7 15 6 9 17 7 16 16
19 20 5 5 11 4 15 15 15 9 9 17 7 16 16
19 20 13 4 6 4 15 6 8 9 1 15 1 4 16
19 20 5 5 11 8 4 15 15 17 8 17 20 16 16
19 20 5 5 6 8 15 4 6 6 17 4 7 1 16
19 5 20 8 8 11 20 15 11 17 15 17 7 1 16
19 20 5 12 18 4 15 15 10 9 4 17 20 16 16
19 20 5 5 15 4 15 4 5 20 9 17 7 16 16
19 20 5 5 8 20 2 15 6 7 17 4 7 1 16
19 5 20 6 4 15 6 15 9 4 15 17 11 16 16
19 20 5 5 1 8 11 5 6 15 4 17 20 16 16
19 5 20 6 5 15 15 15 10 9 4 17 20 16 16
19 20 5 5 5 8 15 15 5 20 1 17 7 1 16
19 20 5 5 11 4 15 20 15 4 15 17 11 16 16
19 20 5 12 15 15 7 15 17 5 1 17 7 1 16
19 20 5 5 7 3 15 15 5 18 1 15 1 4 16
19 5 20 6 12 7 15 13 6 18 4 17 20 16 16
19 20 5 5 7 18 4 11 6 20 18 4 7 1 16
19 20 5 20 17 20 15 15 11 9 9 17 7 16 16
19 20 5 5 11 2 15 4 4 9 17 12 11 16 16
19 20 5 5 8 14 8 15 18 8 1 15 1 4 16
19 20 5 5 5 8 5 15 5 15 9 17 7 16 16
19 20 5 5 8 2 18 15 11 9 4 17 20 16 16
19 5 20 13 20 5 15 5 20 12 9 13 7 1 16
19 20 5 5 1 15 11 5 5 1 9 17 7 16 16
19 20 5 5 15 20 15 4 15 15 1 17 7 1 16
19 20 5 5 8 6 4 15 15 3 9 3 17 16 16
19 5 20 4 8 15 4 3 7 11 1 15 1 4 16
19 20 5 5 11 5 7 15 14 1 9 17 7 16 16
19 20 5 5 8 6 8 15 8 4 1 17 7 1 16
19 20 5 12 14 6 18 20 15 11 1 17 7 1 16
19 20 5 5 8 8 15 6 10 9 4 17 20 16 16
19 20 5 5 7 3 7 7 6 17 9 13 7 1 16
19 20 5 13 15 18 6 5 20 9 7 8 7 14 16
19 20 5 5 5 6 11 20 15 20 1 17 7 1 16
19 20 5 5 1 15 7 15 3 15 1 15 1 4 16
19 20 5 5 8 17 20 15 3 6 17 4 7 1 16
19 20 5 5 11 15 15 6 20 5 1 17 7 1 16
19 20 5 5 4 20 15 7 15 16 17 4 7 1 16
19 20 5 4 14 6 15 11 4 1 9 17 7 16 16
19 20 5 6 11 15 7 15 5 5 1 17 7 1 16
19 20 5 5 11 20 15 15 5 4 18 4 7 1 16
19 20 5 5 18 15 5 20 5 9 4 17 20 16 16
19 20 5 5 5 6 6 7 3 5 1 17 7 1 16
19 5 20 6 3 8 14 15 17 15 9 4 13 1 16
19 20 5 5 11 18 15 7 13 9 7 8 7 14 16
19 20 5 5 16 5 15 4 5 9 7 8 7 14 16
19 5 20 5 11 4 15 7 15 20 6 17 7 1 16
19 20 5 7 2 4 5 15 6 20 15 17 11 16 16
19 5 20 5 11 5 2 15 7 18 18 15 1 4 16
19 20 5 5 11 20 15 4 20 20 1 17 7 1 3
19 5 20 8 8 15 5 15 8 7 17 4 7 1 16
19 5 20 6 17 3 6 1 9 1 9 17 7 16 16
19 20 5 5 3 15 10 13 15 1 1 17 7 1 16
19 20 4 5 6 15 11 6 15 9 1 17 7 1 16
19 20 5 5 11 5 9 11 20 20 17 17 11 16 16
19 20 5 5 6 18 13 3 5 5 1 17 7 1 16
19 20 5 5 5 8 6 4 7 18 1 15 1 4 16
19 5 20 6 18 4 15 6 20 9 7 8 7 14 16
19 20 5 5 11 20 5 1 5 1 9 17 7 16 16
19 20 5 5 5 5 15 5 3 16 17 12 11 16 16
19 20 5 5 1 5 15 5 5 15 9 4 13 1 16
19 20 5 5 8 9 11 6 20 9 1 15 1 4 16
19 5 20 6 15 20 6 17 15 7 17 4 7 1 16
19 20 5 5 7 18 7 15 1 8 15 4 7 1 16
19 20 5 5 11 13 15 11 20 4 15 17 11 16 16
19 20 5 6 5 5 15 15 5 5 1 17 7 1 16
19 20 5 5 11 5 10 15 6 7 17 4 7 1 16
19 20 4 5 17 8 11 4 15 2 1 4 7 1 16
19 20 5 5 6 15 11 20 15 1 11 17 7 16 16
19 20 4 5 20 20 4 6 6 1 9 17 7 16 16
19 20 5 15 6 20 15 15 15 4 18 4 7 1 16
19 20 5 5 11 6 8 18 6 18 1 17 7 1 16
19 20 5 5 5 13 20 15 15 8 1 17 7 1 16
19 20 5 5 4 20 8 15 14 8 20 17 20 16 16
19 20 5 5 4 4 15 7 20 6 1 15 1 4 16
19 20 5 5 5 2 4 15 18 15 17 4 7 1 16
19 20 2 5 6 15 15 15 15 9 7 8 7 14 16
19 20 5 5 11 5 6 15 8 6 18 4 7 1 16
19 5 20 12 18 4 16 16 18 18 7 8 7 14 16
19 20 5 5 1 15 3 15 17 8 15 17 11 16 16
19 5 20 6 17 5 15 6 5 1 9 17 7 16 16
19 20 5 5 7 15 5 15 6 20 6 17 11 16 16
19 20 5 5 16 16 18 6 15 4 1 17 7 1 16
19 20 5 5 16 15 15 7 7 11 1 17 7 1 16
19 20 5 5 11 3 7 20 6 9 4 17 20 16 16
19 5 20 12 13 6 4 16 6 5 1 17 7 1 16
19 20 5 5 4 15 8 15 11 15 4 17 20 16 16
19 20 5 5 14 4 15 15 8 9 1 15 1 4 16
19 20 5 6 14 6 18 6 11 9 7 8 7 14 16
19 20 5 5 17 5 18 6 13 10 1 15 1 4 16
19 20 5 5 8 4 15 6 17 20 1 17 7 1 16
19 20 5 5 7 3 11 16 16 15 9 4 13 1 16
19 20 5 5 14 8 4 13 17 13 14 17 7 1 3
19 20 5 6 20 15 6 17 1 4 1 17 7 1 3
19 20 5 5 7 4 15 11 10 9 4 17 20 16 16
19 20 5 5 8 8 15 11 2 20 5 7 7 1 16
19 20 5 5 3 17 20 15 15 5 1 17 7 1 16
19 20 5 9 5 11 6 18 6 11 1 15 1 4 16
19 20 5 6 5 13 20 15 15 20 1 17 7 1 16
19 20 5 5 1 4 15 4 15 9 1 15 1 4 16
19 5 20 6 15 4 5 15 18 16 1 17 7 1 16
19 20 4 5 18 11 11 15 5 6 9 17 7 16 16
19 20 5 5 8 14 6 15 11 5 1 17 7 1 16
19 5 20 6 8 15 4 15 1 9 17 12 11 16 16
19 20 5 5 16 11 20 15 13 15 18 17 7 1 16
19 20 5 5 13 7 6 7 18 1 9 17 7 16 16
19 20 5 6 6 17 15 20 20 9 17 12 11 16 16
19 20 5 5 8 15 18 1 5 9 7 8 7 14 16
19 5 20 8 5 8 15 7 15 9 4 17 20 16 16
19 5 20 6 11 20 15 5 10 9 4 17 20 16 16
19 20 5 5 20 18 6 15 6 20 17 4 7 1 16
19 20 5 5 8 7 6 4 3 15 1 17 7 1 16
19 20 5 5 8 8 1 17 15 9 1 15 1 4 16
19 5 20 6 10 20 5 15 5 1 9 17 7 16 16
19 20 5 5 8 5 15 15 15 8 1 17 7 1 3
19 20 5 5 14 8 15 6 17 18 15 17 11 16 16
19 5 20 6 5 4 5 15 15 20 14 17 7 1 16
19 20 5 5 7 18 9 5 15 15 1 15 1 4 16
19 20 5 5 15 5 18 6 15 15 18 15 1 4 16
19 20 5 5 11 5 15 1 5 9 7 8 7 14 16
19 20 5 5 7 18 6 8 6 15 1 15 1 4 16
19 5 3 15 3 3 15 7 15 2 5 17 7 16 16
19 20 5 5 11 4 5 7 15 20 18 15 1 4 16
19 5 20 8 20 6 5 15 5 4 18 4 7 1 16
19 20 5 11 10 15 8 20 2 9 4 17 20 16 16
19 20 5 5 8 5 18 6 20 11 1 15 1 4 16
19 20 5 5 11 15 5 15 3 9 4 17 20 16 16
19 20 5 5 4 15 4 5 15 10 18 17 7 16 16
19 20 5 5 11 15 6 17 15 8 12 17 7 1 16
19 20 5 5 11 20 7 15 20 6 1 17 7 1 3
19 20 4 5 6 18 11 15 11 20 17 17 7 1 16
19 20 5 5 8 11 20 15 15 5 1 17 7 1 16
19 20 5 5 1 5 11 7 5 9 7 8 7 14 16
19 20 5 5 11 15 11 6 8 7 17 4 7 1 16
19 20 5 5 8 8 15 7 15 3 6 12 11 16 16
19 20 5 5 1 5 12 15 15 17 8 15 1 4 16
6 20 5 5 11 8 18 6 15 15 1 17 7 1 3
19 20 5 5 11 12 15 14 11 9 4 17 20 16 16
19 20 5 5 4 15 4 17 6 9 7 8 7 14 16
19 20 13 5 18 15 4 5 9 5 1 17 7 1 16
19 20 5 5 1 8 15 15 5 4 18 4 7 1 16
19 20 5 5 7 17 6 5 15 20 9 3 11 4 16
19 20 5 5 4 15 4 8 11 1 1 17 7 1 16
19 20 5 5 1 5 6 3 15 20 1 17 7 1 16
19 20 5 5 18 17 15 11 20 8 5 17 7 16 16
19 20 5 5 11 15 4 15 5 9 7 8 7 14 16
19 20 5 5 7 12 18 6 17 9 4 17 20 16 16
19 20 5 5 7 15 20 5 15 2 1 17 7 1 16
19 20 5 5 11 5 6 5 5 9 7 8 7 14 16
19 20 5 5 11 5 15 6 5 11 5 17 7 1 16
19 20 5 5 1 5 5 14 20 6 4 17 20 16 16
19 20 5 6 1 6 15 15 15 1 9 17 7 16 16
19 20 5 5 8 3 4 15 5 15 9 4 13 1 16
19 20 5 5 1 11 15 7 15 11 1 15 1 4 16
19 20 5 4 4 5 6 6 5 20 11 17 7 1 3
19 20 5 5 5 6 11 20 15 5 1 17 7 1 16
19 20 5 5 8 4 6 4 15 20 1 17 7 1 16
19 20 5 5 8 6 11 20 15 15 9 17 7 16 16
19 20 5 5 5 6 4 17 10 5 1 15 1 4 16
19 20 5 5 5 11 4 15 6 6 18 15 1 4 16
19 20 5 5 6 11 20 15 15 1 9 17 7 16 16
19 20 5 5 3 18 10 11 11 9 4 17 20 16 16
19 20 5 5 11 20 5 4 15 20 15 4 7 1 16
19 20 5 5 7 20 4 5 15 4 15 17 11 16 16
19 20 5 5 8 15 4 20 4 9 17 12 11 16 16
19 20 5 5 7 15 7 15 20 3 4 17 20 16 16
19 20 5 5 5 15 7 15 20 5 1 17 7 1 3
19 20 5 13 4 11 5 5 5 1 9 17 7 16 16
19 20 4 5 18 11 15 7 15 1 9 17 7 16 16
19 20 5 5 5 8 20 15 15 4 15 17 11 16 16
19 20 5 5 7 8 15 4 15 5 1 17 7 1 16
19 20 5 5 11 4 11 20 15 20 6 17 7 1 3
19 20 4 5 18 6 18 15 1 4 15 17 11 16 16
19 20 5 5 1 15 11 5 5 1 9 17 7 16 16
19 20 5 5 8 6 6 17 5 15 9 4 13 1 16
19 20 5 5 14 6 18 6 8 20 15 15 1 4 16
19 20 5 5 15 5 20 15 5 9 7 8 7 14 16
19 20 5 5 6 2 15 15 13 4 18 4 7 1 16
19 20 4 5 6 18 11 15 4 15 17 6 20 16 16
19 20 5 5 7 9 5 15 13 9 1 15 1 4 16
19 20 5 5 16 6 20 8 18 5 1 17 7 1 16
19 20 5 5 8 12 15 7 12 3 1 15 1 4 16
19 20 5 14 4 15 4 15 18 4 15 17 11 16 16
19 20 5 5 8 8 15 7 11 9 4 17 20 16 16
19 20 5 5 5 9 6 15 11 5 1 17 7 1 3
19 5 20 6 18 2 8 9 16 7 17 4 7 1 16
19 20 5 5 11 4 5 15 7 15 3 17 20 16 16
19 20 5 5 5 6 8 3 5 1 9 17 7 16 16
19 20 5 5 5 18 6 3 4 9 1 15 1 4 16
19 20 4 6 15 7 15 20 15 4 15 17 11 16 16
19 20 5 5 3 8 15 6 6 9 4 17 20 16 16
19 20 5 5 7 15 5 15 1 4 18 4 7 1 16
19 20 5 5 8 15 7 5 8 11 1 17 7 1 16
19 20 5 5 8 13 18 5 14 7 17 4 7 1 16
19 20 5 5 5 8 5 15 4 15 9 4 13 1 16
19 20 4 15 8 20 15 7 3 1 9 17 7 16 16
19 20 5 5 12 4 15 18 5 9 1 15 1 4 16
19 20 5 6 8 11 15 6 20 16 1 15 1 4 16
19 20 5 5 1 9 15 1 15 4 18 4 7 1 16
19 20 5 11 15 7 15 20 1 15 15 17 11 16 16
19 20 5 5 14 15 4 17 3 11 1 15 1 4 16
19 20 5 5 11 15 18 20 9 9 17 12 11 16 16
19 20 4 7 10 17 11 20 20 20 1 17 7 1 16
19 20 5 5 11 18 6 15 4 1 9 17 7 16 16
19 20 5 5 8 18 8 15 11 20 12 4 7 1 16
19 20 13 5 15 16 15 7 15 5 9 17 7 1 16
19 5 20 10 8 20 11 15 13 4 15 17 11 16 16
19 20 5 5 6 5 15 4 13 7 17 4 7 1 16
19 5 20 6 18 16 13 4 15 15 5 17 7 16 16
19 20 5 15 11 3 4 15 15 8 17 4 7 1 16
19 20 5 5 3 17 15 11 8 13 18 4 7 1 16
19 5 20 6 18 8 20 15 5 9 4 17 20 16 16
19 20 5 5 3 15 4 5 15 15 1 17 7 1 16
19 20 5 5 16 1 15 4 6 9 4 17 20 16 16
19 20 5 5 1 12 17 15 10 9 4 17 20 16 16
19 20 5 5 11 15 6 3 5 9 7 8 7 14 16
19 20 5 5 8 12 15 11 20 3 1 17 7 1 3
19 20 5 5 17 6 20 15 17 5 17 12 11 16 16
19 20 5 15 7 6 8 15 15 20 9 3 11 4 16
19 20 5 5 1 6 18 13 5 1 9 17 7 16 16
19 5 20 6 6 5 5 15 1 7 17 4 7 1 16
19 20 5 5 11 15 6 15 15 15 9 4 13 1 16
19 5 20 6 8 6 4 15 6 11 1 15 1 4 16
19 20 5 5 7 13 7 15 11 9 7 8 7 14 16
19 5 20 5 11 8 5 15 11 4 18 4 7 1 16
19 20 5 5 7 18 15 3 9 4 15 17 11 16 16
19 20 5 5 6 11 15 4 3 4 18 4 7 1 16
19 20 5 5 8 15 4 5 15 6 17 4 7 1 16
19 20 5 5 11 5 3 18 6 18 7 8 7 14 16
19 20 5 5 11 13 11 20 15 20 1 17 7 1 16
19 20 13 5 20 5 13 15 15 2 4 17 20 16 16
19 20 5 5 5 18 4 11 20 5 1 17 7 1 16
19 20 5 5 7 1 6 15 8 15 8 17 20 16 16
19 20 5 5 11 3 15 7 15 3 4 17 20 16 16
19 20 5 5 1 7 20 15 5 6 9 17 7 16 16
19 20 5 5 11 6 7 20 13 9 17 12 11 16 16
19 5 20 6 18 8 15 6 15 9 1 15 1 4 16
19 20 5 5 8 11 15 7 15 14 7 8 7 14 16
19 20 5 5 11 6 4 5 6 11 18 17 7 1 16
19 20 5 5 7 13 8 15 7 15 1 17 7 1 16
19 20 5 5 11 7 18 6 15 11 17 12 11 16 16
19 20 5 5 8 7 4 5 15 4 17 4 7 1 16
19 20 5 5 3 5 6 15 8 9 17 12 11 16 16
19 20 5 5 14 8 6 18 6 4 1 17 7 1 16
19 20 5 5 11 18 20 18 5 15 9 4 13 1 16
19 20 5 5 11 15 4 5 15 5 1 17 7 1 3
19 20 5 5 7 16 3 18 15 9 4 17 20 16 16
19 20 5 5 8 5 15 7 20 9 1 15 1 4 16
19 20 5 5 8 5 7 16 20 1 9 17 7 16 16
19 20 5 5 11 15 11 20 15 17 9 17 7 16 16
19 20 5 5 11 15 11 8 15 20 9 3 11 4 16
19 20 5 5 15 15 5 15 5 4 18 4 7 1 16
19 20 5 5 11 18 6 7 20 5 1 15 1 4 16
19 20 5 6 7 5 15 7 11 3 7 8 7 14 16
19 20 5 4 8 16 17 6 3 1 4 17 20 16 16
19 20 5 4 4 5 5 15 3 2 18 17 7 16 16
19 20 5 5 8 15 3 13 9 9 7 8 7 14 16
19 20 5 5 11 15 15 15 8 1 9 17 7 16 16
19 5 20 5 20 3 9 6 15 4 15 17 11 16 16
19 20 5 4 5 1 6 17 2 5 4 17 20 16 16
19 20 4 5 18 16 4 3 15 4 18 4 7 1 16
19 20 5 5 20 6 4 18 14 4 15 17 11 16 16
19 20 5 5 16 15 5 1 8 20 18 4 7 1 16
19 20 5 5 7 15 15 13 8 5 1 17 7 1 16
19 20 4 16 3 18 19 4 3 5 1 17 7 1 3
19 5 20 6 18 6 15 11 5 4 1 17 7 1 16
19 20 5 5 12 15 11 17 20 4 15 17 11 16 16
19 20 5 6 15 11 20 17 9 4 15 17 11 16 16
19 20 5 5 11 5 15 11 20 7 17 4 7 1 16
19 20 5 5 8 6 15 4 11 17 9 15 1 4 16
19 20 5 5 8 7 2 20 15 20 9 3 11 4 16
19 20 5 5 8 4 15 4 5 1 9 17 7 16 16
19 20 5 5 11 3 15 6 15 5 17 12 11 16 16
19 20 5 4 6 4 5 15 3 4 18 4 7 1 16
19 20 5 5 5 3 16 5 15 20 9 3 11 4 16
19 20 4 5 18 8 15 7 3 17 5 4 7 1 16
19 20 5 5 11 20 15 4 18 9 7 8 7 14 16
19 20 5 5 11 11 8 18 5 9 7 8 7 14 16
19 20 5 5 7 6 20 13 6 4 18 4 7 1 16
19 20 5 5 1 15 6 15 4 7 17 4 7 1 16
19 20 5 5 11 5 15 4 5 15 11 20 7 1 16
19 20 4 5 17 15 20 15 3 5 9 17 7 16 16
19 20 5 5 11 20 7 15 20 4 9 17 7 1 16
19 20 5 5 2 6 15 12 15 18 4 17 20 16 16
19 20 5 5 14 11 17 20 15 9 1 17 7 1 16
19 20 5 5 13 6 11 20 12 4 1 17 7 1 16
19 20 5 5 3 5 15 5 4 1 9 17 7 16 16
19 20 5 5 5 6 18 6 15 6 9 17 7 16 16
19 20 5 5 1 6 20 7 5 15 9 4 13 1 16
19 20 5 5 16 6 18 8 5 1 9 17 7 16 16
19 5 20 6 17 15 9 6 3 5 17 12 11 16 16
19 20 4 5 18 8 15 6 3 5 18 17 7 16 16
19 20 5 16 5 17 5 5 15 20 9 3 11 4 16
19 20 5 4 3 15 6 18 6 3 1 17 7 1 16
19 20 5 5 7 3 11 15 8 3 9 17 7 16 16
19 20 5 5 1 13 20 15 15 4 18 4 7 1 16
19 20 5 5 8 8 15 15 15 14 4 17 20 16 16
19 20 5 5 11 15 15 6 20 9 1 15 1 4 16
19 20 5 5 11 20 4 20 15 5 1 15 1 4 16
19 20 5 5 11 20 15 4 5 18 9 17 7 16 16
19 20 5 5 8 6 8 6 5 4 18 4 7 1 16
19 20 5 5 8 6 4 15 15 20 15 15 1 4 16
19 5 20 6 17 11 6 20 1 9 1 15 1 4 16
19 20 5 5 3 17 11 15 20 13 1 15 1 4 16
19 20 2 5 3 15 15 15 15 15 7 8 7 14 16
5 6 17 15 8 11 8 14 6 15 15 17 7 16 16
19 5 20 4 3 15 15 8 8 15 9 4 13 1 16
19 20 5 5 7 18 6 3 8 18 4 17 20 16 16
19 20 5 5 11 20 15 5 9 4 15 17 11 16 16
19 20 5 20 4 2 17 18 1 15 17 4 7 1 16
19 20 5 5 7 10 7 15 20 15 9 4 13 1 16
19 20 5 5 16 11 15 18 6 6 18 15 1 4 16
19 20 5 5 1 5 15 6 1 4 18 4 7 1 16
19 20 5 5 11 11 15 16 4 7 17 4 7 1 16
19 20 5 5 11 6 20 3 5 1 9 17 7 16 16
19 20 5 5 4 4 15 4 18 1 7 8 7 14 16
19 20 5 5 17 3 6 10 20 4 15 17 11 16 16
19 20 4 5 18 15 7 11 7 9 4 17 20 16 16
19 20 5 5 16 16 6 6 13 7 17 4 7 1 16
19 5 20 5 2 6 15 15 15 1 9 17 7 16 16
19 20 5 5 10 3 14 6 15 18 7 8 7 14 16
19 20 5 5 11 20 15 15 15 9 7 8 7 14 16
19 20 5 6 7 4 15 11 15 20 15 17 11 16 16
19 20 5 5 7 3 15 15 15 3 16 17 7 1 16
19 20 5 5 11 3 15 7 15 11 18 15 1 4 16
19 20 5 5 8 14 4 5 20 5 1 17 7 1 16
19 5 20 8 5 5 15 6 3 5 1 17 7 1 16
19 20 4 5 6 15 11 20 15 8 18 4 7 1 16
19 20 5 5 16 15 5 5 16 4 18 4 7 1 16
19 20 5 5 5 4 11 6 11 9 4 17 20 16 16
19 20 4 15 4 5 6 15 3 1 9 17 7 16 16
19 5 20 6 11 17 11 8 18 5 18 17 7 16 16
19 20 5 5 16 3 8 7 18 12 9 13 7 1 16
19 5 20 13 6 4 5 15 9 5 18 4 7 1 16
19 20 5 5 7 17 20 16 8 9 7 8 7 14 16
19 20 5 5 8 4 13 8 9 4 15 17 11 16 16
19 20 5 5 14 6 15 6 3 15 9 4 13 1 16
19 20 5 6 15 7 15 20 15 7 17 4 7 1 16
19 20 5 5 17 15 18 11 11 1 9 17 7 16 16
19 20 5 5 1 5 7 15 11 15 11 15 1 4 16
19 20 5 5 2 20 15 4 17 20 5 15 1 4 16
19 20 5 5 1 20 15 15 3 8 1 17 7 1 16
19 20 5 4 7 2 18 3 8 16 3 15 7 16 16
19 20 5 5 13 18 11 17 15 18 4 17 20 16 16
19 20 5 5 5 18 6 12 6 9 7 8 7 14 16
19 20 5 5 2 4 15 9 5 9 7 8 7 14 16
19 20 5 5 8 6 15 7 5 9 7 8 7 14 16
19 20 5 5 7 17 11 8 11 9 17 12 11 16 16
19 20 5 5 11 20 15 15 9 4 15 17 11 16 16
19 20 5 5 1 11 11 20 9 3 18 17 7 16 16
19 20 5 5 18 8 6 8 11 13 1 17 7 1 16
19 20 5 5 7 6 4 15 18 11 7 15 1 4 16
19 20 5 5 7 18 2 18 15 9 4 17 20 16 16
19 20 5 13 11 4 15 15 12 18 1 15 1 4 16
19 20 5 6 7 6 11 20 15 15 1 17 7 1 16
19 20 5 4 8 6 15 7 15 1 8 5 7 16 16
19 20 5 5 7 15 1 4 5 15 9 4 13 1 16
19 20 5 5 1 6 20 15 5 17 7 8 7 14 16
19 20 5 5 6 6 8 15 9 1 9 17 7 16 16
19 5 20 6 18 15 15 6 8 6 9 17 7 16 16
19 20 5 5 5 15 4 17 13 7 17 4 7 1 16
19 20 5 5 20 6 4 15 11 18 1 15 1 4 16
19 5 4 4 12 5 4 15 11 7 17 4 7 1 16
6 20 5 6 11 5 15 19 6 9 7 8 7 14 16
19 20 5 5 8 7 3 7 15 20 15 17 7 1 16
19 20 5 5 8 9 4 6 15 1 9 17 7 16 16
19 20 5 5 20 16 20 2 6 17 15 8 7 1 16
19 20 5 5 6 13 15 4 20 4 17 17 7 1 16
19 20 5 4 11 15 6 15 5 15 9 4 13 1 16
19 20 5 5 1 5 6 15 7 18 9 4 13 1 16
19 20 5 5 11 17 7 6 20 9 1 15 1 4 16
19 20 5 5 11 5 4 15 4 15 9 4 13 1 16
19 20 5 5 8 16 7 15 20 4 16 17 20 16 16
19 20 5 5 11 11 7 6 5 15 9 4 13 1 16
19 20 5 5 8 15 11 20 15 3 7 4 7 1 16
19 20 5 5 8 11 20 15 9 1 9 17 7 16 16
19 20 5 6 6 15 4 20 4 9 1 15 1 4 16
19 20 5 5 2 18 8 6 3 4 18 4 7 1 16
19 20 5 5 7 18 4 15 5 9 17 12 11 16 16
19 20 5 5 9 8 15 8 3 1 9 17 7 16 16
19 20 5 5 5 4 15 1 15 20 9 3 11 4 16
19 20 5 5 7 20 15 4 3 9 17 12 11 16 16
19 20 5 5 8 5 2 15 11 15 1 15 1 4 16
19 20 5 6 8 5 15 4 15 16 1 17 7 1 16
19 20 5 5 1 5 5 4 6 4 4 17 20 16 16
19 20 5 4 6 11 20 15 3 13 18 17 7 16 16
19 20 5 4 6 4 20 15 3 9 4 17 20 16 16
19 20 5 5 11 11 8 2 6 17 17 4 7 1 16
19 20 5 5 12 11 7 18 5 15 9 4 13 1 16
19 20 5 5 11 15 7 15 5 7 17 4 7 1 16
19 20 5 5 11 7 15 7 10 1 1 17 7 1 16
19 20 5 5 5 2 4 5 15 5 1 17 7 1 16
19 20 5 5 3 15 20 15 5 5 1 17 7 1 16
19 20 5 5 20 4 6 6 16 20 17 8 7 14 16
19 20 5 5 8 15 7 20 5 4 18 4 7 1 16
19 20 5 4 5 6 4 15 4 9 4 17 20 16 16
19 20 5 5 10 3 1 6 17 17 17 4 7 1 16
19 5 20 6 18 13 11 20 15 3 9 17 7 16 16
19 20 5 1 20 9 20 15 16 5 20 17 20 16 16
19 20 4 5 2 15 4 5 15 14 9 17 7 16 16
19 20 13 5 18 20 15 15 15 4 18 4 7 1 16
19 20 5 5 5 20 5 15 3 4 18 4 7 1 16
19 20 5 5 16 3 18 2 13 9 1 15 1 4 16
19 20 5 5 11 20 3 6 18 15 15 15 1 4 16
19 20 5 5 3 15 5 11 5 1 9 17 7 16 16
19 20 5 5 5 5 15 6 7 11 20 17 20 16 16
19 20 5 5 8 5 15 10 6 3 18 17 7 16 16
19 20 5 5 11 18 11 8 15 1 1 15 1 4 16
19 20 5 5 16 11 15 6 17 11 9 17 7 1 16
19 20 5 5 12 4 15 8 1 4 18 4 7 1 16
19 20 5 5 5 1 15 4 5 14 9 17 7 16 16
19 20 5 5 7 12 15 15 8 15 15 17 7 1 3
19 20 5 5 11 4 5 18 14 8 15 17 11 16 16
19 20 5 5 5 4 15 20 11 9 4 17 20 16 16
19 20 5 5 1 4 14 15 17 16 1 15 1 4 16
19 20 5 5 11 8 15 4 15 9 7 8 7 14 16
19 20 5 5 11 15 11 20 15 3 9 17 7 16 16
19 20 5 5 11 17 20 9 8 1 9 17 7 16 16
19 20 5 5 7 3 3 15 12 8 6 15 1 4 16
19 20 5 5 8 20 4 15 15 15 1 17 7 1 16
19 20 5 5 3 15 4 5 17 5 1 17 7 1 16
19 20 5 12 13 6 5 15 5 15 5 17 7 16 16
19 20 5 5 5 6 18 5 7 13 9 17 7 16 16
19 20 5 6 3 18 6 15 3 20 15 17 11 16 16
19 20 5 5 18 18 11 20 15 17 20 4 7 1 16
19 20 5 5 6 5 15 6 8 4 18 4 7 1 16
19 20 5 5 7 17 12 5 15 12 17 4 7 1 16
19 20 5 5 20 5 14 5 15 20 9 3 11 4 16
19 20 5 5 16 15 11 20 15 20 14 17 7 1 3
19 5 20 6 16 20 20 15 4 6 9 17 7 1 3
19 20 5 5 15 4 11 6 7 16 5 15 1 4 16
19 20 5 5 13 17 17 7 8 4 1 17 7 1 3
19 20 5 5 2 5 15 5 5 1 9 17 7 16 16
19 20 5 5 8 5 15 8 11 4 15 17 11 16 16
19 20 5 5 15 8 6 7 15 6 9 17 7 16 16
19 20 5 5 8 8 15 8 15 15 1 17 7 1 16
19 20 5 5 11 17 17 13 8 9 4 17 20 16 16
19 20 5 5 11 15 15 15 12 9 1 15 1 4 16
19 20 5 5 7 5 5 20 5 5 1 17 7 1 3
19 20 5 5 5 4 5 15 6 20 15 17 7 16 16
19 20 5 5 11 4 7 6 3 9 4 17 20 16 16
19 20 5 5 12 15 14 7 9 4 15 17 11 16 16
19 5 20 6 5 8 15 11 20 15 18 17 7 16 16
19 20 5 5 5 8 15 15 20 15 1 15 1 4 16
19 20 5 5 20 15 7 6 3 1 9 17 7 16 16
19 20 5 5 5 4 5 15 9 4 15 17 11 16 16
19 20 5 5 16 15 6 11 7 20 15 15 1 4 16
19 20 5 5 7 17 16 5 9 4 15 17 11 16 16
19 20 5 5 8 5 8 15 6 9 4 17 20 16 16
19 20 5 5 5 6 11 6 17 20 18 4 7 1 16
19 5 20 5 15 20 6 6 8 1 9 17 7 16 16
19 20 2 5 20 4 15 20 5 4 18 4 7 1 16
19 20 5 5 1 8 15 11 20 15 18 17 7 16 16
19 20 5 5 2 6 4 15 15 9 1 15 1 4 16
19 20 5 5 17 4 5 15 11 13 9 17 7 16 16
19 20 5 5 7 18 3 9 5 1 9 17 7 16 16
19 5 20 6 12 11 4 15 15 9 17 12 11 16 16
19 20 5 5 7 17 16 6 20 15 7 8 7 14 16
19 20 5 5 7 17 15 11 8 5 17 12 11 16 16
19 20 5 5 1 5 15 15 6 15 9 4 13 1 16
19 20 5 5 11 8 5 15 5 12 9 17 7 16 16
19 20 4 5 6 18 6 7 4 15 15 17 11 16 16
19 20 5 5 15 10 4 5 18 5 1 17 7 1 16
19 20 5 5 11 3 20 15 1 9 7 8 7 14 16
19 20 5 5 8 6 4 15 3 4 1 17 7 1 16
19 20 5 5 5 8 15 15 3 9 4 17 20 16 16
19 20 5 5 3 4 15 15 11 15 9 4 13 1 16
19 20 5 5 17 11 5 15 6 15 9 4 13 1 16
19 5 20 5 11 4 5 15 6 20 18 4 7 1 16
19 20 5 9 18 15 15 8 15 20 9 3 11 4 16
19 5 20 6 16 6 4 15 15 9 7 8 7 14 16
19 20 5 5 11 4 20 15 15 20 9 17 7 16 16
19 20 5 5 8 18 8 4 16 1 9 17 7 16 16
19 20 5 5 8 6 18 6 15 1 1 15 1 4 16
19 20 5 5 11 20 5 15 15 3 17 12 11 16 16
19 20 5 5 11 4 5 15 13 1 9 17 7 16 16
19 20 5 5 3 18 14 6 15 14 1 15 1 4 16
19 20 5 5 16 15 6 15 4 1 9 17 7 16 16
19 20 5 5 5 8 5 17 4 1 9 17 7 16 16
19 20 5 5 14 8 15 11 20 5 1 17 7 1 16
19 20 5 5 16 5 15 5 15 20 9 3 11 4 16
19 20 5 6 16 5 15 20 15 20 18 4 7 1 16
19 20 5 13 18 15 4 5 15 16 9 17 7 16 16
19 20 5 5 13 18 14 15 15 5 1 17 7 1 16
19 5 20 5 5 8 15 7 14 4 1 17 7 1 16
19 20 5 5 7 17 11 20 20 16 9 17 7 16 16
19 20 5 5 11 15 7 15 5 8 1 17 7 1 16
19 5 3 17 15 11 6 20 15 4 18 4 7 1 16
19 20 5 5 11 18 14 4 15 13 18 4 7 1 16
19 20 13 5 17 5 2 15 10 9 4 17 20 16 16
19 20 5 5 11 17 16 5 15 4 9 17 20 16 16
19 20 5 5 11 8 15 7 15 6 16 15 1 4 16
19 20 5 5 12 3 4 5 10 5 18 17 7 1 16
19 5 20 17 15 11 20 18 6 4 18 4 7 1 16
19 20 5 5 11 15 18 6 3 9 1 15 1 4 16
19 20 5 5 7 18 13 13 15 16 1 17 7 1 16
19 20 5 5 1 5 17 7 15 15 1 17 7 1 16
19 20 5 5 2 4 5 6 6 12 17 4 7 1 16
19 20 5 4 12 8 15 11 20 15 15 17 7 16 16
19 20 5 5 7 3 15 7 6 4 18 4 7 1 16
19 20 5 5 17 15 8 7 8 8 18 4 7 1 16
19 20 5 5 5 5 15 8 5 15 9 4 13 1 16
19 20 5 4 8 15 15 15 18 15 17 4 7 1 16
19 20 5 5 5 5 6 15 11 9 4 17 20 16 16
19 20 5 5 5 7 15 3 6 3 15 15 1 4 16
19 20 5 5 11 4 5 15 15 18 4 17 20 16 16
19 20 5 15 17 20 5 15 6 5 15 17 11 16 16
19 20 5 5 11 15 4 3 17 15 9 17 7 16 16
19 20 5 5 6 13 15 8 5 1 9 17 7 16 16
19 20 5 5 1 15 20 15 15 9 7 8 7 14 16
19 20 5 5 3 15 4 15 15 4 18 4 7 1 16
19 20 5 5 15 15 4 15 15 5 1 17 7 1 16
19 20 5 5 1 6 15 7 5 1 9 17 7 16 16
19 20 5 5 1 5 12 11 3 7 17 4 7 1 16
19 5 20 12 4 6 5 15 13 8 8 12 11 16 16
19 20 5 5 20 5 15 6 5 13 15 17 11 16 16
19 20 5 5 7 17 15 4 4 9 1 15 1 4 16
19 20 5 5 8 15 4 6 20 4 18 4 7 1 16
19 20 5 5 11 3 18 1 15 15 18 17 7 16 16
19 20 5 5 5 15 7 15 11 15 17 15 1 4 16
19 20 5 5 8 6 18 5 4 1 9 17 7 16 16
19 20 13 5 15 14 5 5 10 3 9 17 7 1 3
19 20 5 5 14 11 15 11 7 5 18 4 7 1 16
19 20 5 5 5 15 4 6 15 3 17 4 7 1 16
19 20 5 5 1 7 15 5 15 20 9 3 11 4 16
19 20 5 5 20 11 4 4 15 15 1 17 7 1 16
19 20 5 5 11 20 9 3 17 9 4 17 20 16 16
19 20 5 5 5 4 2 4 11 20 17 12 11 16 16
19 20 5 5 7 18 8 15 7 15 7 8 7 14 16
19 20 4 5 18 16 6 15 9 7 1 4 7 1 16
19 20 5 5 2 4 15 13 6 4 1 17 7 1 3
19 20 5 5 11 4 15 11 17 9 1 17 7 1 16
19 20 5 5 7 18 8 15 11 20 15 5 17 16 16
19 20 13 5 17 20 15 14 5 9 7 8 7 14 16
19 20 5 5 8 11 15 7 15 15 17 4 7 1 16
19 20 5 5 8 9 6 7 3 9 4 17 20 16 16
19 20 4 5 18 16 15 7 15 4 18 17 7 16 16
19 20 5 5 4 11 6 15 15 15 14 15 1 4 16
19 20 5 5 5 7 6 4 5 3 1 17 7 1 16
19 20 5 5 15 8 15 7 15 9 1 15 1 4 16
19 20 5 5 1 5 12 15 11 15 9 4 13 1 16
19 20 5 5 14 8 15 5 11 20 17 4 7 1 16
19 20 5 5 13 18 15 20 5 4 7 8 7 14 16
19 20 5 15 20 20 15 6 8 9 4 17 20 16 16
19 20 5 5 1 6 18 6 15 5 1 15 1 4 16
19 20 5 5 3 20 4 15 18 3 1 17 7 1 16
19 20 5 5 8 15 4 15 17 15 18 4 7 1 16
19 20 5 5 16 8 15 11 20 15 9 17 7 16 16
19 5 20 12 8 8 5 6 11 3 17 4 7 1 16
19 5 20 12 7 5 6 6 5 1 9 17 7 16 16
19 20 5 7 11 15 7 13 5 9 7 8 7 14 16
19 20 8 8 12 10 8 16 5 9 7 8 7 14 16
19 20 5 5 11 15 13 5 7 9 4 17 20 16 16
19 20 5 5 8 17 4 15 7 9 1 15 1 4 16
19 20 5 5 8 15 15 5 8 15 9 4 13 1 16
19 20 5 5 6 18 6 11 15 4 15 17 11 16 16
19 20 5 5 5 13 20 8 5 4 18 4 7 1 16
19 20 5 5 20 15 4 15 6 3 1 15 1 4 16
19 20 5 5 5 17 15 5 15 20 9 3 11 4 16
19 20 5 5 7 5 6 20 15 20 9 3 11 4 16
19 5 20 5 11 15 15 17 15 9 1 15 1 4 16
19 20 4 5 17 6 18 15 5 9 7 8 7 14 16
19 20 5 5 8 7 15 11 17 9 17 12 11 16 16
19 20 5 5 11 1 17 4 18 12 17 4 7 1 16
19 20 5 5 11 15 3 5 5 1 9 17 7 16 16
19 20 5 5 11 12 5 15 1 20 5 17 7 1 3
19 20 5 6 12 5 6 4 15 9 7 8 7 14 16
19 20 5 5 5 7 5 20 4 9 17 12 11 16 16
19 20 5 5 11 15 15 15 15 8 1 17 7 1 3
19 5 20 4 8 5 15 6 20 4 15 17 11 16 16
19 20 5 5 7 15 7 15 4 15 9 4 13 1 16
19 20 5 5 2 6 8 18 15 7 4 17 20 16 16
19 20 4 12 11 13 15 4 15 9 4 17 20 16 16
19 20 5 5 20 20 6 15 3 18 1 15 1 4 16
19 20 5 5 7 4 15 11 5 4 15 17 11 16 16
19 20 4 6 6 15 7 15 15 5 17 4 7 1 16
19 5 20 6 18 8 4 4 5 5 1 17 7 1 16
19 20 5 5 7 15 5 15 18 9 7 8 7 14 16
19 20 5 5 7 15 11 15 3 13 15 17 11 16 16
6 20 6 15 17 17 4 5 17 13 9 17 7 16 16
19 20 5 5 13 20 15 15 5 20 18 4 7 1 16
19 20 5 5 8 2 5 5 1 9 7 8 7 14 16
19 20 5 5 4 18 7 15 4 9 17 12 11 16 16
19 20 5 4 11 20 15 3 15 5 9 17 7 16 16
19 20 5 5 1 9 6 15 11 5 1 17 7 1 16
19 20 5 5 3 15 11 8 9 4 15 17 11 16 16
19 20 13 5 7 7 15 20 15 9 4 17 20 16 16
19 5 20 3 5 15 7 20 9 9 1 15 1 4 16
19 20 4 5 17 4 5 15 5 8 18 4 7 1 16
19 20 5 6 6 4 5 15 12 1 15 17 11 16 16
19 20 5 5 1 17 20 7 15 18 15 15 1 4 16
19 20 5 5 11 6 4 15 11 4 18 4 7 1 16
19 20 5 5 7 11 20 15 15 8 9 17 7 16 16
19 20 5 5 5 6 7 15 3 15 9 4 13 1 16
19 20 5 5 4 6 18 5 8 15 1 15 1 4 16
19 20 4 5 18 5 15 11 15 20 18 4 7 1 16
19 20 5 5 17 1 15 1 11 9 9 17 7 16 16
19 20 5 5 1 5 4 15 11 6 20 17 20 16 16
19 20 5 5 5 7 6 15 14 3 4 17 20 16 16
19 20 5 5 11 17 6 4 5 1 9 17 7 16 16
19 20 5 5 11 8 15 7 15 5 1 17 7 1 16
19 20 5 5 20 15 4 5 15 5 11 17 7 1 16
19 20 5 5 20 15 15 20 1 4 15 17 11 16 16
19 20 5 5 20 2 18 5 5 9 7 8 7 14 16
19 20 4 5 18 11 11 15 15 5 15 17 11 16 16
19 20 6 6 8 18 6 15 12 1 7 8 7 14 16
19 20 5 5 20 15 8 6 11 16 1 15 1 4 16
19 20 5 5 6 1 6 20 5 9 4 17 20 16 16
19 20 5 5 7 6 15 11 20 20 1 17 7 1 16
19 5 20 17 18 5 4 1 15 20 9 3 11 4 16
19 20 5 5 8 6 4 15 18 5 1 17 7 1 16
19 20 5 5 17 5 15 3 7 15 7 8 7 14 16
19 20 5 5 8 11 20 15 20 3 5 17 7 16 16
19 20 5 5 16 15 7 10 9 4 15 17 11 16 16
19 20 5 4 3 6 15 20 15 9 4 17 20 16 16
19 20 5 5 11 3 15 15 6 2 14 17 7 16 16
19 20 5 5 6 20 7 5 5 1 9 17 7 16 16
19 20 5 5 8 18 6 15 15 20 4 17 20 16 16
19 20 5 5 11 5 15 20 5 4 18 4 7 1 16
19 20 5 4 11 11 4 15 7 15 16 17 7 1 3
19 20 5 5 7 15 15 6 5 9 7 8 7 14 16
19 20 5 5 11 15 7 8 5 9 7 8 7 14 16
19 20 5 5 1 5 2 9 10 9 4 17 20 16 16
19 20 5 6 13 15 4 5 15 16 9 17 7 16 16
19 20 5 5 7 1 14 6 13 4 18 4 7 1 16
19 20 5 5 11 5 8 2 8 14 4 6 17 15 16
19 20 5 5 8 18 4 6 20 9 1 15 1 4 16
19 20 5 5 11 9 8 3 11 15 9 17 7 16 16
19 20 5 5 5 4 20 20 9 8 5 17 7 1 16
19 20 5 5 7 18 5 4 15 15 7 8 7 14 16
19 20 5 5 7 16 6 4 15 13 5 15 1 4 16
19 5 20 6 18 11 17 20 10 9 4 17 20 16 16
19 20 5 5 4 6 17 15 8 1 9 17 7 16 16
19 20 5 5 18 8 15 20 8 5 17 4 7 1 16
19 20 5 5 8 6 4 5 15 1 9 17 7 16 16
19 20 5 5 7 4 5 15 15 7 17 4 7 1 16
19 20 5 5 14 11 6 7 10 9 4 17 20 16 16
19 20 5 5 7 20 4 5 3 12 15 17 7 16 16
19 20 5 5 13 14 6 15 6 15 17 12 11 16 16
19 20 5 5 11 5 15 5 8 1 9 17 7 16 16
19 5 20 6 6 15 7 20 4 11 15 15 1 4 16
19 20 5 5 11 20 15 14 3 3 4 17 20 16 16
19 20 5 5 18 12 20 15 15 15 17 4 7 1 16
19 20 5 5 4 6 4 5 15 13 15 17 11 16 16
19 20 5 5 8 18 6 15 4 16 17 4 7 1 16
19 20 4 5 18 15 15 7 15 1 9 17 7 16 16
19 20 5 5 8 11 6 15 13 15 9 17 7 16 16
19 20 5 5 8 13 11 20 15 5 1 17 7 1 16
19 20 5 4 13 4 4 15 2 18 4 17 20 16 16
19 20 5 5 11 18 13 1 5 9 7 8 7 14 16
19 20 5 5 4 18 6 12 15 18 17 12 11 16 16
19 20 5 5 5 15 15 15 8 5 1 15 1 4 16
19 20 5 5 11 15 11 6 20 9 17 12 11 16 16
19 20 5 5 13 15 20 15 11 5 1 17 7 1 16
19 20 5 5 6 15 7 11 20 15 9 4 13 1 16
19 20 5 5 7 15 15 4 3 1 9 17 7 16 16
19 20 5 5 1 15 15 6 11 9 7 8 7 14 16
19 20 5 5 11 13 15 15 13 9 15 17 11 16 16
19 20 5 5 15 11 20 15 5 14 9 17 7 16 16
19 20 5 5 8 6 11 15 4 8 3 6 20 16 16
19 20 5 5 6 15 7 15 5 9 7 8 7 14 16
19 20 5 5 3 16 6 4 15 15 1 17 7 1 3
19 20 5 5 11 8 8 15 7 5 1 17 7 1 16
19 20 5 5 11 15 6 15 4 6 17 4 7 1 16
19 20 5 5 12 11 20 15 13 18 9 17 7 16 16
19 20 5 5 11 3 7 15 5 1 9 17 7 16 16
19 20 5 5 11 6 8 5 5 1 9 17 7 16 16
19 20 5 5 11 3 11 20 15 4 18 4 7 1 16
19 20 5 5 3 18 11 20 20 8 1 17 7 1 16
19 20 13 5 17 5 15 7 15 9 7 8 7 14 16
19 20 5 5 13 15 4 20 2 15 9 17 7 16 16
19 20 5 5 5 6 18 5 15 13 4 17 20 16 16
19 20 5 5 12 10 4 15 5 9 4 17 20 16 16
19 20 5 5 16 6 4 15 18 4 18 4 7 1 16
19 5 20 6 18 15 4 5 5 5 1 17 7 1 16
19 20 4 5 8 6 4 15 3 20 1 15 1 4 16
19 20 5 5 20 1 5 15 1 4 18 4 7 1 16
19 20 5 12 15 4 5 18 3 4 18 4 7 1 16
19 20 5 5 5 15 4 15 15 5 1 15 1 4 16
19 20 5 5 8 6 20 20 18 1 1 15 1 4 16
19 20 4 5 6 18 8 5 20 7 17 4 7 1 16
19 20 5 5 15 6 3 15 10 9 4 17 20 16 16
19 20 5 5 8 15 4 20 16 7 17 4 7 1 16
19 20 5 9 13 16 15 6 9 5 1 17 7 1 16
19 20 5 5 7 18 12 8 3 15 1 4 13 1 16
19 20 5 5 20 6 17 15 20 1 15 17 11 16 16
19 20 5 5 5 4 14 15 11 7 17 4 7 1 16
19 20 5 5 5 8 15 15 15 7 17 4 7 1 16
19 20 5 5 6 8 2 8 8 1 9 17 7 16 16
19 5 20 5 5 15 5 5 5 1 9 17 7 16 16
19 20 5 5 12 4 15 15 3 9 7 8 7 14 16
19 20 5 5 16 15 18 5 11 20 1 15 1 4 16
19 20 5 5 11 5 4 8 18 9 7 8 7 14 16
19 20 5 5 3 18 20 15 15 8 15 17 7 16 16
19 20 5 5 1 17 15 5 15 20 9 3 11 4 16
19 5 20 6 6 3 20 15 4 10 18 4 7 1 16
19 20 5 5 8 15 15 15 16 5 1 17 7 1 3
19 5 20 20 20 8 15 11 20 3 17 4 7 1 16
19 20 5 5 3 4 15 17 13 5 1 17 7 1 3
19 20 5 5 5 8 15 7 3 1 9 17 7 16 16
19 20 5 5 8 6 13 20 15 18 1 17 7 1 16
19 20 5 5 8 11 6 16 15 18 4 17 20 16 16
19 20 5 5 8 4 15 15 5 15 9 4 13 1 16
19 5 20 6 3 5 6 15 18 7 17 4 7 1 16
19 20 5 5 5 8 4 15 11 9 1 15 1 4 16
19 20 4 12 20 6 15 8 5 4 18 4 7 1 16
19 20 5 5 1 7 15 7 15 15 1 17 7 1 3
19 20 5 5 11 15 5 5 15 5 15 17 7 1 16
19 20 5 5 11 20 4 15 4 15 15 4 20 16 16
19 5 20 3 13 20 15 6 6 18 9 17 7 16 16
19 20 5 5 6 15 11 20 4 1 9 17 7 16 16
19 20 5 5 1 11 4 9 2 15 4 17 20 16 16
19 20 5 5 11 3 20 15 20 3 17 4 7 1 16
19 20 5 5 5 20 20 15 3 15 18 4 7 1 16
19 20 5 5 1 5 14 4 15 5 14 15 1 4 16
19 20 5 5 8 15 15 7 15 11 1 17 7 1 3
19 20 5 5 5 1 6 8 11 9 17 12 11 16 16
19 20 5 5 1 14 6 15 11 9 7 8 7 14 16
19 20 5 5 7 18 6 6 18 9 7 8 7 14 16
19 20 5 5 8 15 11 20 17 1 9 17 7 16 16
19 20 5 5 3 2 4 15 5 4 18 4 7 1 16
19 20 5 5 5 8 15 7 15 13 7 4 7 1 16
19 20 5 5 13 5 6 15 20 9 1 15 1 4 16
19 20 5 5 8 6 18 6 3 4 14 17 7 1 16
19 20 5 5 20 4 15 4 6 20 2 17 7 16 16
19 20 5 5 7 18 6 1 5 15 9 4 13 1 16
19 20 5 5 5 11 15 4 15 7 20 4 7 1 16
19 20 5 5 1 15 8 15 4 6 17 12 11 16 16
19 20 5 4 18 5 15 6 20 4 18 4 7 1 16
19 20 5 9 11 15 2 13 15 5 18 4 7 1 16
19 20 5 20 6 15 15 4 11 5 1 15 1 4 16
19 20 5 5 3 6 15 4 5 8 15 17 11 16 16
19 20 5 6 8 15 4 5 15 15 1 12 7 1 16
19 20 4 5 18 5 15 5 15 20 9 3 11 4 16
19 20 5 5 8 6 18 9 8 1 9 17 7 16 16
19 20 5 5 7 17 17 15 8 8 1 17 7 1 16
19 20 5 5 11 15 5 20 20 5 1 17 7 1 16
19 20 5 5 6 6 4 15 20 15 9 4 13 1 16
19 20 5 5 11 15 11 20 15 12 17 4 7 1 16
19 20 5 5 11 4 5 15 15 17 1 15 1 4 16
19 5 20 6 20 12 13 3 6 1 9 17 7 16 16
19 20 5 5 4 3 20 6 12 4 16 5 7 16 16
19 20 5 5 8 17 15 20 17 4 15 17 11 16 16
19 20 4 5 6 17 18 6 20 11 17 4 7 1 16
19 20 5 5 5 8 15 7 15 8 1 17 7 1 16
19 20 5 5 8 5 15 11 6 5 1 17 7 1 16
19 20 5 5 8 11 15 3 4 18 7 8 7 14 16
19 20 5 5 11 15 6 18 6 14 9 17 7 16 16
19 20 5 5 11 9 7 15 5 4 18 4 7 1 16
19 20 4 5 18 16 8 15 18 2 15 17 7 1 16
19 20 5 5 11 15 11 20 15 17 16 15 7 16 16
19 20 5 5 11 17 1 15 15 4 17 12 11 16 16
19 20 5 5 11 18 6 15 11 15 9 4 13 1 16
19 20 5 5 17 5 7 11 20 7 17 4 7 1 16
19 20 5 5 5 6 7 2 15 18 4 17 20 16 16
19 5 20 6 18 20 15 6 15 4 15 17 11 16 16
19 20 5 5 3 20 15 15 5 5 1 17 7 1 16
19 20 4 5 15 18 15 5 15 4 18 4 7 1 16
19 20 13 5 20 5 17 4 4 4 15 17 11 16 16
19 20 5 5 16 6 7 15 7 15 20 15 1 4 16
19 20 5 5 11 15 15 9 5 15 9 4 13 1 16
19 20 5 5 20 2 4 15 16 20 17 12 11 16 16
19 20 5 5 7 6 20 17 15 16 1 15 1 4 16
19 20 4 5 12 15 7 5 5 4 18 4 7 1 16
19 20 5 5 11 20 8 15 6 15 15 12 20 16 16
19 20 5 5 11 17 4 3 11 5 1 15 1 4 16
19 20 4 5 5 4 6 5 8 8 14 17 7 1 16
19 20 5 5 7 9 4 15 17 15 4 17 20 16 16
19 20 13 5 8 15 4 17 16 9 7 8 7 14 16
19 20 5 4 8 11 8 15 11 20 1 17 7 1 16
19 20 5 5 3 20 20 15 15 4 1 17 7 1 16
19 20 5 5 11 15 15 6 8 4 18 4 7 1 16
19 20 5 5 2 6 9 5 15 20 9 3 11 4 16
19 20 5 5 11 17 18 5 15 11 1 17 7 1 16
19 20 5 5 7 15 11 15 9 9 1 15 1 4 16
19 20 5 5 17 15 15 15 5 14 7 8 7 14 16
19 5 20 6 8 8 4 18 5 9 7 8 7 14 16
19 20 5 5 7 3 3 6 15 6 9 17 7 1 16
19 20 5 5 4 7 15 7 8 5 1 17 7 1 16
19 20 5 5 8 5 15 7 15 5 16 15 1 4 16
19 20 5 5 8 20 3 11 6 4 18 4 7 1 16
19 20 5 12 17 4 15 15 1 6 9 17 7 16 16
19 20 5 5 5 20 15 15 5 4 15 4 7 1 16
19 5 20 6 17 7 15 5 9 9 7 8 7 14 16
19 20 5 4 5 15 15 6 9 4 15 17 11 16 16
19 20 5 6 10 18 15 20 17 9 7 8 7 14 16
19 20 4 5 4 17 6 15 3 9 4 17 20 16 16
